-1 0.266 0.456657546606685962 0.0959439934379779770 0.562912046464882384 -0.229669027761736042 -0.258886991348332571 -0.530131670985585400 
-1 0.266 0.438121711581503535 0.136708624318834458 0.698998022944109057 -0.747951091032622309 0.696144370951115090 -0.128807275856393594 
-1 0.266 -0.130197342906160058 -0.830248502692436345 0.244501016799955659 0.0586628681696323240 -0.49354248062543207 0.348840020355695916 
-1 0.266 -0.439324524474605633 0.302924261598267390 -0.401160043381231019 0.0330858729373660416 -0.330123607649248676 -0.973476186286130786 
-1 0.266 -0.89546442285686556 -0.00233312096468154993 -0.888997874048773317 0.758779508954676207 -0.183126162151207871 -0.90176297626402476 
-1 0.266 -0.1458096476974026 0.700376823663336808 -0.904813473383293367 -0.330055833389893167 -0.670115958651500481 -0.0782904866178128534 
-1 0.266 0.557803903499648880 0.77980558819154572 0.226242819559853659 0.60769827199677761 0.375760807631132489 0.136937562742682277 
-1 0.266 -0.246409135191326821 0.17314783947737874 0.954590329621419807 -0.241746242208120139 -0.323616872727749738 -0.710559136429171404 
-1 0.266 -0.797084695737448388 -0.334333191341465436 -0.985064643859605354 0.295761451447647043 0.917295176523541858 -0.914467970003207798 
-1 0.266 0.6542162805962470 0.571581645026938713 0.248513897488490522 0.738743078024262242 -0.955646803258390736 -0.547495534933725267 
-1 0.266 -0.979851179507849938 0.682440829067128533 -0.539251311658244369 0.416037868128159142 -0.377535139414396691 0.939697016398765275 
-1 0.266 0.511659799747414978 -0.677303125941159054 -0.917531036614918955 -0.195847333881774716 0.348270856498615767 -0.616073997507960070 
-1 0.266 0.0491069455028803766 0.0275509187572905593 0.172260064734990988 0.503725599587285910 -0.808240061486749497 -0.555575700842704902 
-1 0.266 -0.955777882275743490 0.21060459666531556 -0.535598598613343155 -0.130885044598117436 -0.306968941753835745 0.640138230644813510 
-1 0.266 -0.0270756862268452260 0.268650151925493947 -0.0316270278305143182 0.729223907081737352 0.361603258107212376 0.0426023911792769975 
-1 0.266 0.689820385448873012 -0.262373079238744927 0.308938227608652787 -0.406725213528469038 -0.5123265455440716 -0.68986936429279941 
-1 0.266 0.731587322833373645 -0.724553047705773819 0.991811977909299348 -0.277998070013311876 0.856085968041567477 -0.66548649936986013 
-1 0.266 0.904909451381979524 0.0119277598241887538 -0.863848944486758 0.204111796437538224 0.387245553699638620 0.533522376465484770 
-1 0.266 0.910493820386367012 -0.115878085993719999 -0.832004992678301337 0.525159557244362210 0.999593710788651118 -0.855975511087570260 
-1 0.266 0.79636083485591936 -0.603515243676938986 0.906853962842945326 -0.488876655133773854 0.778203532511694887 -0.370590528011405827 
-1 0.266 0.112930344085511852 -0.554911036874521549 0.252920273288506626 -0.896167404984710792 0.166768228503518499 -0.108800293165585745 
-1 0.266 -0.914802461025604559 0.817584995163260679 -0.611080538526928205 0.573349043071308059 0.981947351978926403 -0.569700258948807598 
-1 0.266 -0.872783272822448853 -0.315619962057421207 0.793029017797279197 0.459413411644523118 -0.0510549721616278608 -0.672941155557860096 
-1 0.266 -0.76339994271314283 0.0103844319678665027 0.681321314583535441 -0.243159437344951931 -0.242480721708299143 0.911184856348543430 
-1 0.266 0.312736177612535044 0.60083344559455633 0.71921347995619690 0.905896207356786255 0.674396935763117756 -0.0656671618552270701 
-1 0.266 0.444591545724707541 -0.963910927385580394 -0.835684034917246664 0.0833273885886160786 0.254495966071140733 -0.425547515274586790 
-1 0.266 -0.1153587083803541 0.886078160579222326 0.905021736888516942 0.766752015253527364 -0.305610753368593063 -0.584089483156288467 
-1 0.266 -0.566017333081233817 -0.971412041602306363 -0.917522690578732437 0.0612555873571959718 -0.98012094483446813 0.51159041728268004 
-1 0.266 -0.492638183241512744 0.25397359732141309 -0.0109588768606221025 0.500348882557278966 0.677164914665796077 0.153082692489879197 
-1 0.266 0.686114341457643706 -0.442604320529160211 0.223071637692522659 0.931186717929430246 0.887235003063958214 -0.720971926649496465 
-1 0.266 0.666872518249287795 -0.110705742629579335 0.0549789934851662560 -0.515768190746351719 -0.00297466262548830567 -0.517935945296649948 
-1 0.266 -0.112302233808351240 -0.596449782133834659 -0.688939590785786862 -0.61472105263480989 0.420211411328799421 0.612337727635677880 
-1 0.266 0.0377345817379123297 0.848054985076931137 0.687208803554993629 0.281763269524424270 0.596700643693940917 -0.808434934091916648 
-1 0.266 0.251353889638930501 -0.495302448799844035 0.762790580539285204 0.892285421899940871 -0.390420921772209544 -0.0387187024191601031 
-1 0.266 0.995034150026925348 0.467631790227223537 0.85169543747670715 -0.661595515381172278 0.00053468382613512765 0.636990488055645783 
-1 0.266 -0.52680553539785887 -0.49815341717776331 0.623025876721149407 0.945176404304191871 0.512731742832276002 -0.555900691343557441 
-1 0.266 -0.592452980854427594 0.043993550776499317 -0.147596146437183875 0.969776422386765567 -0.0807351330168800601 -0.238494826366145682 
-1 0.266 -0.0400405143739916951 -0.352894990577870765 -0.130929723094675799 -0.419253834866935338 0.0404005175755446537 0.264157426644780675 
-1 0.266 -0.370189153525184853 -0.102803688137591550 -0.589226087625923322 -0.845290500369497742 -0.188503107165366498 0.0250218221794270880 
-1 0.266 -0.862196971163780441 -0.815915873774283489 0.733131104197667270 -0.700298293421496649 0.748916979653156484 0.259802157562500101 
-1 0.266 0.350291864825878055 -0.848664276064264522 -0.801139598608245925 0.876530218832955130 -0.76999830839572816 -0.716087586288877911 
-1 0.266 0.206754624321411079 -0.0573049019891657627 0.614934462518454792 0.0751826399749363848 0.44728854302931485 0.593619412712859769 
-1 0.266 0.299958346839592278 0.463409554429462865 -0.305807911368578350 0.688095064761923460 0.11822672306443103 -0.406273753467547901 
-1 0.266 -0.464748341536527580 0.939838685858728873 -0.0985942780999904146 -0.666745276166188498 -0.298142304004280343 0.948735687066421521 
-1 0.266 -0.860874941753268610 -0.812617454981165702 0.354516191705570050 -0.626973224655971303 0.812872981775572388 0.239845647331289691 
-1 0.266 0.127274293559873780 -0.798148943427403745 0.722858738289795456 0.556291641605273619 -0.879528320386191130 0.458109761576195580 
-1 0.266 -0.769478942079665224 0.73640049062373592 -0.398575801714676842 0.0249818394567493417 -0.905776765431113716 0.604335881568856607 
-1 0.266 -0.201443860982600577 0.613711404761618866 -0.796031946095415785 0.174325134683944280 0.165403081135523009 0.04877475165985158 
-1 0.266 0.827560669302254976 0.309589617583161721 0.832001734307807172 0.522537708234635057 0.230888822542490703 0.459868897361671882 
-1 0.266 0.321402301203573028 0.0406607779798877392 -0.502139268736931192 -0.160393866847871155 0.292475250084534132 -0.331616917629643411 
-1 0.266 -0.299718597759654498 0.87306800443547880 -0.170984883139794795 -0.11300217383423714 -0.181597884231813966 0.00633648358876982256 
-1 0.266 0.351569660177755519 0.580955298138333581 -0.655374064615925094 0.0560506088861361528 0.105311612042992405 -0.771345768337516843 
-1 0.266 0.951625311891349417 -0.525784333164785253 -0.694937875614110585 -0.0414891120823689205 0.307562281517867278 -0.464278647489222404 
-1 0.266 -0.354102370284512217 0.0482981174242192924 -0.584085217822659913 -0.744974832553252260 0.435887878253751468 0.378066783147202078 
-1 0.266 0.213260034047588688 0.604485132604112013 0.659255218248517099 0.618075411599878564 -0.788565399403222165 -0.873809414497598135 
-1 0.266 0.393533351936666003 -0.541131873202516669 -0.185728794604716298 0.0932905350958933508 -0.0347575737243240574 -0.958958027709976613 
-1 0.266 -0.498846879194404313 0.122846024766763910 0.193563239175574889 -0.42539782381846929 -0.690463896211972731 0.909758666336274190 
-1 0.266 -0.867814180216357982 -0.557861646411444808 -0.560325118224580628 -0.0301256049738491042 0.361286314852220144 -0.319503191258736094 
-1 0.266 -0.249572803491786931 -0.684090605706680675 0.995302463942605488 0.60149428811116984 -0.652200672871950835 -0.951601053151949757 
-1 0.266 0.000172166406598739821 0.316341730071407075 -0.460339851782383139 -0.103987235979438846 0.40840218693115569 -0.32254432157833937 
-1 0.266 0.220087570867840419 -0.807323888537210536 0.0737880846408392944 -0.26908157916138147 0.278789733475525664 -0.177841227816704678 
-1 0.266 0.0560389119894413152 0.221632865515303772 -0.242302662435338358 0.183466052007731381 -0.264549915904555148 -0.0886530894574295669 
-1 0.266 0.199118162787259586 0.605151924648219513 -0.172930028492537948 -0.316599283489942777 -0.277740644027313333 0.125844649673216905 
-1 0.266 -0.564078936005183608 0.802528349924724268 -0.653607047727783142 -0.999924385398649126 -0.277252359001666388 0.0769209818163247641 
-1 0.266 0.363014435102516332 -0.224756032039699487 0.461449044792509353 0.533021895171329386 0.17816924792708019 -0.861852133844986573 
-1 0.266 0.445346741415528914 -0.436308963992795570 0.584286906024845845 -0.310243598998831688 0.82696365397490531 -0.795809582061656176 
-1 0.266 -0.992081060709606769 0.751042371813295886 0.405546809321416106 0.224870740376593254 -0.979146045326454017 0.597488404386305875 
-1 0.266 -0.371647759644998631 0.454422317867594841 0.450510479753554107 -0.774407233909618561 0.623613031565458872 0.57154171263993164 
-1 0.266 0.110883439066379822 0.943269677813827883 0.360153216965105016 -0.863740034543644645 0.0117286039046324637 0.0340162397452892064 
-1 0.266 0.645336056608440087 -0.345503351442985351 -0.738488427739910044 0.143331982485411558 0.613166653579858704 0.164806742829484835 
-1 0.266 0.269902185924788040 0.967534245469461836 0.617368648936553714 -0.799510978018990029 0.518747387598816905 0.967914915838793608 
-1 0.266 -0.793724349613268997 0.560292603113313263 -0.791977055604968086 0.532229017977531042 0.712997928978731434 -0.981764916419130190 
-1 0.266 0.760258559534141434 0.616857676341692281 0.73881848944146955 -0.399556109555163335 -0.169333172384423179 0.641540607375588450 
-1 0.266 -0.196748990681819967 0.123455998034243309 -0.360543853559679754 -0.534011905887372515 -0.89492324211793421 -0.758205086436431420 
-1 0.266 0.683942939148371566 -0.508985386943311901 0.550012745498777007 0.293701201985144372 0.00200726537982589590 0.0237184869119858661 
-1 0.266 0.779033707144465976 -0.103900738684581644 0.00406771985968327846 -0.41843994122434220 0.30948307729475954 -0.504591506448644677 
-1 0.266 0.936857669051348873 -0.391977598512524523 -0.00226217778449292968 0.650642542421566782 -0.570146460377450379 -0.358800326624804069 
-1 0.266 0.604735068368474565 -0.202861411929836888 0.875013377781644861 -0.916525943238664879 0.440922706614460149 -0.0714672442522443002 
-1 0.266 -0.216084553488448044 0.0392635584653597811 -0.924370679544519312 -0.178284688849193905 0.899807015343203115 -0.800775009162595166 
-1 0.266 -0.626982325298642907 -0.562701033295529623 0.288196527955588285 0.319346059879239444 -0.323593409758468125 0.456402109512572045 
-1 0.266 0.872532785704357620 0.332531429567906873 -0.99820168345156644 -0.604048378155917095 -0.420840142942410660 -0.780458083982886038 
-1 0.266 -0.836351083891410161 0.0611523868452393284 0.303439814999493570 0.0129279059163489482 -0.857332147858389280 -0.00866031452505786159 
-1 0.266 -0.140226010472732151 0.733409341267395874 -0.184753324424148493 -0.292336094553378016 0.922663134899114747 -0.0630809666799399610 
-1 0.266 -0.0818707366558288282 0.453271256931801154 -0.05442764951615162 0.77455810155115728 0.371679496595189436 0.939064312533773016 
-1 0.266 -0.785037368837339659 -0.685609672322255567 0.713152396988488374 -0.159898529094608129 0.600802800324633778 0.33348036122311520 
-1 0.266 0.528270439424824974 0.32354064801717443 -0.799287342131444603 0.129162487547206236 -0.128799656857635783 0.682323096889245651 
-1 0.266 -0.413819797628775104 -0.0188274438372239900 0.532069596912579826 0.186014994739389367 0.423304098377893043 0.909078051877767969 
-1 0.266 0.631318130834437479 0.713319751179275468 -0.930092828839888051 -0.407978658787786056 -0.878270372718981919 -0.382241182537419837 
-1 0.266 -0.987487263775815251 0.920739450843682793 0.823866470314261535 -0.0613950094952322811 -0.887851879235784838 0.54411079318655153 
-1 0.266 -0.1071221745317014 -0.461851396235349698 0.817685554991198217 -0.565350613048655309 0.871901359832846199 -0.985132073456968246 
-1 0.266 0.406936660654824197 -0.846730100813867674 -0.508422773816961530 -0.419740615942176567 -0.835254576411973317 0.773120857542875762 
-1 0.266 0.832094924786350973 0.743261336375178808 0.707184892359234708 -0.824679299617670874 0.143457106244503616 0.0669694501362501669 
-1 0.266 -0.586163761748301731 0.403661488523544869 -0.699533439471758731 0.871789155001420767 -0.452473684982941192 -0.398277563462521612 
-1 0.266 0.741758470382295039 -0.0575895383621667541 -0.401478719999415219 -0.384799192191408493 -0.779342938035791761 -0.850134875386932159 
-1 0.266 -0.315073534884375079 -0.848284452695972305 0.919181040579350595 -0.424604630191775750 -0.111718987057817276 0.424023585486796137 
-1 0.266 0.0386146926851947199 0.279675263176280122 -0.603642585993477694 -0.501405565764287340 0.753454750602551076 -0.41692386149635295 
-1 0.266 -0.686580063709820505 -0.954287439963125387 0.260051588749868832 -0.904956273293733546 -0.0317832547185270352 -0.576092261638900110 
-1 0.266 0.315829950237918097 0.691047848147751465 -0.924002926677102884 0.437782485758275899 -0.494779946402677596 0.591753025551175314 
-1 0.266 0.833795273439754103 0.87601685401211589 -0.12099528455308380 -0.151184849978858412 -0.928711223813160506 0.991711623588515005 
-1 0.266 -0.281762556019488450 -0.8218188191914638 -0.496411862012608594 0.648605324435706499 -0.923806332462910527 -0.0378504819091673695 
-1 0.266 0.829342593997722017 -0.869138225505979682 0.237944729439143005 -0.562213699051523046 0.632641390218585398 0.744460291851129339 
-1 0.266 0.470607409571207696 -0.530427384851491116 -0.845692457622704287 0.401628606862823129 -0.314114122928286469 -0.895066410226351834 
-1 0.266 0.993901656718755615 -0.0770278349577329454 0.275541611139228145 0.420696295983227792 -0.67509272315738270 0.762961718898676728 
-1 0.266 0.470120444527839168 0.316681618554625692 0.661798684466513786 -0.054014481915990880 0.0179170091579257971 -0.172299763377244482 
-1 0.266 -0.946193135469283773 0.898943082557891675 -0.924068735201487169 0.255627471184885213 0.297665036266250781 -0.712783417031168785 
-1 0.266 0.2306650036514853 -0.892704847418511044 -0.738924974185998010 0.656073358409692044 0.147916186745499914 0.667940813326431620 
-1 0.266 0.559613979866380042 0.871815436803346131 -0.150099080052557872 0.373666435355755522 -0.26819921327194873 0.560947879877192219 
-1 0.266 0.15718121632468253 0.332206822708595335 -0.487758422567658718 0.0886286283335728260 0.874035504284220491 -0.13026433626785201 
-1 0.266 -0.383190263459234930 0.361441252021873959 -0.869212482687214466 0.732058249046581758 0.250916147903759700 0.62169570708185314 
-1 0.266 -0.324776703975938713 0.58619147955909660 0.276732735699622722 -0.855640786027657483 -0.351462541106152439 0.620772361058781168 
-1 0.266 -0.781313606747619451 0.00190488041078477351 -0.319586631961226105 0.883923887123696220 0.485746436105325599 0.889194401885435851 
-1 0.266 0.799172493979720858 0.178648320001101661 0.0903540060788891880 -0.724088227724533712 0.680366321673560052 -0.774616697319913016 
-1 0.266 -0.885392815722343266 0.98302742527439434 -0.124215296904579301 -0.180389441618623691 -0.695538297022183810 0.935536827207591090 
-1 0.266 0.664353744646993361 0.448707874156587933 0.631915414913541865 -0.422012975761230915 -0.894519220692932459 -0.0862237386159978644 
-1 0.266 0.195169993631780283 -0.161599298209510045 -0.202965237425665619 -0.263338402393721383 0.0445061291101613953 0.476377819404241118 
-1 0.266 0.647507337037850734 0.245647477934295955 -0.70213349583820745 -0.0474087556398374338 -0.78920155142877681 0.648551294871844482 
-1 0.266 0.1223324444404972 -0.749632506074803781 -0.425068225815110464 0.506213194729671493 0.373435677474399845 -0.089104317371717996 
-1 0.266 0.341551988158616107 -0.765729894788215292 -0.801631515253223823 0.607490797669881899 0.798934025653599539 0.229357110122359445 
-1 0.266 -0.201043697967138879 0.948766276244649715 0.833592741485581484 -0.366661783066407591 -0.679213338481557745 0.518264723205490810 
-1 0.266 0.585072251848939851 0.383989848822900662 0.707824338802560826 -0.598201133752417443 0.877475921561802509 -0.374415046966559775 
-1 0.266 -0.247505862285501488 -0.72898810857355798 -0.0192750253191416259 0.101190185195964117 -0.19240179644936868 -0.91959461343440158 
-1 0.266 0.955100571997210643 -0.87887979981677386 0.308992026813342535 -0.444705663975342644 0.199203025833782541 0.462011055022939588 
-1 0.266 -0.378413895229184700 0.912879175925407505 0.235721687637782084 -0.646632870511854552 -0.503839179551435896 -0.696227094211188600 
-1 0.266 -0.461267572152354139 -0.790200073552550219 -0.586745380049295924 -0.29769767236664547 -0.124549915321543190 -0.0678315425582565059 
-1 0.266 -0.160327487593728938 0.121460503883981405 -0.277944311115269492 0.936148748491499786 -0.291182874339224659 0.51283095931717442 
-1 0.266 -0.219867880139964073 -0.807356223799546657 -0.0985852414799954702 -0.0846400082241112712 -0.0322439137094622213 0.939000945865563871 
-1 0.266 0.362021166872200567 0.340757091096192048 0.53995898208209500 0.581234588432694758 -0.0817019677057839772 0.534257132526966906 
-1 0.266 -0.816696430318670186 0.316711803691134737 -0.850344685646392799 -0.149234696602751541 0.131339434514122321 -0.870326514499523829 
-1 0.266 -0.868799347086456638 0.016222644088619819 0.149376222039502508 0.864188937426487330 0.917283539886808206 0.608200513125926074 
-1 0.266 -0.104729801985770411 -0.471272565693288128 0.279985388167996290 0.884352765746445895 0.788805987495754613 -0.161276351834265335 
-1 0.266 0.964391143113656420 -0.627817166757289522 0.535346060226699373 -0.85608832092694818 0.789988822977401537 -0.619032929295100030 
-1 0.266 0.212072399839950709 0.0448246092681350177 -0.00603051617429844173 -0.466503138527781450 0.531308169249991130 0.855264504415346027 
-1 0.266 0.154574637165620856 0.450884524964165997 -0.80035202233756566 0.076021939429613686 -0.287036768557757069 -0.287865152811656245 
-1 0.266 0.249711685227968568 -0.353476937651136189 0.87405458654174491 -0.27172452043461607 -0.271219313286910587 0.649959622136317208 
-1 0.266 -0.87551833336364064 0.66302808198868330 -0.214160661388960274 -0.814573558698351350 0.289540954785230070 -0.399801939209179626 
-1 0.266 -0.184024576986341232 -0.0685681466472319795 -0.455481451145644176 0.723501012063706695 -0.566169910275258065 -0.544280846599603472 
-1 0.266 0.392780565943712262 -0.636609792398670238 0.515033581929515941 0.821695407603130219 -0.195056931298399703 -0.00684499629698142163 
-1 0.266 0.144395678944965201 0.633544743279181799 0.639480807402510236 -0.0279582714921982252 0.107462019791618108 -0.0630419735597896158 
-1 0.266 -0.836196630647477066 0.150494355626897806 -0.659904438855781661 -0.871285415423600520 -0.56710416692807828 0.472901794077844849 
-1 0.266 0.496366538198727020 -0.845591651207691558 -0.962340622067911752 0.976492287847100820 0.271947296575117799 0.334818954355277051 
-1 0.266 0.90152683989821380 0.30777981999331477 0.095487158408356039 -0.929506655288813988 0.301129938287112 0.296330569247859977 
-1 0.266 0.809295517494153301 -0.48373877142563720 -0.961714439814932961 0.568972201188223650 -0.729855648753722333 0.659848359882848552 
-1 0.266 -0.559477111388286532 -0.43379635096582976 -0.174197203574579015 0.160996318949495167 -0.913675788608479477 0.630866546136856969 
-1 0.266 -0.832677343346989125 -0.394654620582329302 -0.20363533975635701 -0.381304433286670915 0.943146683145377107 -0.543088235806805250 
-1 0.266 -0.131378376648832331 0.196923170934913703 -0.0521198802891227725 -0.974661267016394460 0.226809932928224132 0.376151997279118235 
-1 0.266 0.866682562837133494 0.99677900803611745 0.545547648018988630 -0.87344138117416300 0.26010780211770158 0.676095146781894757 
-1 0.266 -0.695193072565388654 -0.358971250366942176 0.214836259887753998 -0.442143801631851333 0.409919748989825414 0.695623556038337009 
-1 0.266 -0.0187809405556682355 -0.0680183307802459618 -0.3896945229448326 -0.922990981071478055 -0.401491313957180141 -0.605422644237290858 
-1 0.266 0.494795701882386536 -0.856194819173831116 -0.143656069094384317 0.473042358501844113 0.346807209991768141 -0.438272545543197690 
-1 0.266 -0.960536726974620989 -0.732467395964390619 0.899452383712553509 -0.587019266863917077 0.400341357545956234 -0.142077284602242333 
-1 0.266 -0.946083927259437412 -0.2164106249486834 -0.299598159804296428 -0.24613453681371080 0.643908414677697852 0.643737232072374448 
-1 0.266 0.282060327355281631 -0.90331843478895668 0.490503311085505364 -0.840738047083974648 -0.961582799626933875 -0.497522388603771143 
-1 0.266 0.866624618753476567 0.841512777425664479 -0.773064167831251247 -0.549282005216210037 0.274231779667709967 0.0517510567248843242 
-1 0.266 -0.51394591282846308 0.892069165396440798 0.105305586826239779 -0.699548730399614674 -0.464740398515659306 0.29692683693239989 
-1 0.266 0.223495974805208803 -0.155892567279170785 -0.358930722082553758 0.00266393667468302241 0.668778174381251767 -0.586343550621223427 
-1 0.266 0.413746184593240868 0.0610361813677543357 0.157983882561581026 -0.608636536697155165 -0.772844318408482947 0.0533114357687197273 
-1 0.266 -0.493704589805669631 0.376749861538303044 -0.0480236296013720098 0.95093116302120813 0.806719467786503275 -0.214307606285809935 
-1 0.266 -0.920394805215720529 0.0920582866935192198 0.499291560479696880 -0.697541508122646105 -0.508323874796601956 0.420775982761672114 
-1 0.266 -0.888546403847496809 0.685387387109668271 0.0819946291889888361 -0.914339201598783542 0.0311037461861988102 -0.909725249563518448 
-1 0.266 -0.303301773206181578 -0.355662026748934909 0.209698206191213679 0.203479685631745047 -0.405664182955950750 0.005640716587690777 
-1 0.266 -0.443120691444343573 0.0353950690882485643 0.129299848863995950 0.199932147487125234 0.69870002729665089 -0.284506102557587804 
-1 0.266 -0.874177788049543769 -0.23724412693152459 -0.127725469886779762 -0.968732404887546642 -0.0549059081402932612 0.111400558768398477 
-1 0.266 0.689470069906101393 0.147751916312271420 -0.692107348609341224 -0.218044105316759759 -0.850137383897183921 -0.696242225258286485 
-1 0.266 -0.921616389822220963 0.72876795878474823 0.481183944022698850 -0.894466945885290584 -0.347528832037977943 -0.482882085794244245 
-1 0.266 -0.782722475032113588 -0.442103954763542877 0.777936290427994198 0.566374904782874323 -0.747699625447183726 0.712065340045562952 
-1 0.266 -0.409359343043849648 0.606879060021362590 0.497033427365301994 0.664429410158907213 -0.918865267715957082 -0.883481192465392700 
-1 0.266 -0.816230235462731050 0.248439090926493982 0.401727320645478335 -0.49495653905262436 0.0986151963635376971 0.165806769331645176 
-1 0.266 0.621639945644782595 0.343965613871804987 -0.385404424419424611 -0.770647648382345116 0.605731889624315186 -0.435397242249732031 
-1 0.266 0.836130595528577715 0.710481459437685040 0.0175307831976743751 -0.662519240305288139 -0.576694346321547461 0.902841294509566125 
-1 0.266 -0.100521242211187287 -0.770952247038765526 0.406490095868664660 0.0512187155744331831 -0.589204780954390103 0.981364040756650076 
-1 0.266 0.0577965984516865911 -0.597062626044480084 0.493810104073413647 0.155865750188200239 0.181947977924269549 -0.814010784425891388 
-1 0.266 -0.874068826851181981 -0.776600419966163595 -0.381395807745116575 0.115458784122177864 0.742361925937121384 0.549169645623445810 
-1 0.266 -0.847677532308523692 0.748051854575462004 -0.90831152879917430 0.0263343770586223815 0.803680916143893680 0.888714787801578638 
-1 0.266 0.329881310717511164 -0.354817512051214203 0.227579302853353191 -0.844895073529575725 0.0125920672273137765 0.554800320386839599 
-1 0.266 0.0607546998666730307 0.115801071973986404 0.322051861997136003 -0.526734616378246343 -0.517357965351709840 0.173643872203249345 
-1 0.266 0.32590872584548390 0.832288203881689691 -0.51519369941205715 -0.0613163459657282710 0.83364770815294836 -0.0805284898516140914 
-1 0.266 -0.617610937512955138 -0.336041372621622414 0.340485465158115945 -0.428483882474595778 0.24503378469803316 0.934883478284486537 
-1 0.266 0.241715695477996096 0.41953966231730608 -0.236108255221818075 0.518957924178171332 0.658272079592193158 -0.601495824338617733 
-1 0.266 -0.418830118199589954 -0.21093268862204985 -0.919912728165357620 0.794310319246554225 0.544685961398194068 -0.690056315937241295 
-1 0.266 -0.145384600392401246 0.159465038336140336 -0.503222294782934137 0.536636897733655925 0.938906275956247512 0.225335579071774709 
-1 0.266 -0.777162148932477889 -0.241568275427224630 -0.764067600824329324 -0.817098299732245091 -0.21565741216907137 0.925504248499820958 
-1 0.266 0.168628994458158628 -0.498277481289850809 -0.635084104716258133 0.614233882494364207 0.843607518625863432 -0.38368524581690189 
-1 0.266 -0.893864695377355303 -0.380714939079403776 -0.936050239741699088 -0.241151222392498103 -0.328808214813746029 0.750935323177163219 
-1 0.266 0.0453697517379377583 0.714481968394223603 -0.699975158643252881 -0.812947903924627552 0.918376973365282449 0.00142288650346432920 
-1 0.266 0.661771326467898500 0.0011766332329343521 -0.954242705099645279 0.68313629946742737 0.669863367494959391 -0.219462327185854652 
-1 0.266 -0.476507102768628031 -0.945643503323910265 -0.970480185368423692 0.00052082557077573871 0.352463972671981210 -0.325530140644379303 
-1 0.266 -0.368901223863760235 -0.806193008776588087 -0.544877552099364810 0.0331378574335571598 -0.239707827781961730 0.315968347776503868 
-1 0.266 -0.355157586713510736 0.580435429234373455 -0.0722940333329263788 -0.171740613511713214 -0.180952838448487463 -0.119354450672152334 
-1 0.266 0.11944608276153655 0.000158932865236669266 0.555167788256272078 -0.42751043933178421 -0.478514138367840370 0.0081892127823558907 
-1 0.266 -0.875774524464862632 -0.559906817994536675 -0.487581609579361895 -0.0404248528035382719 -0.692581597692181153 -0.571107500976829067 
-1 0.266 -0.194209406747334242 0.855026610173303734 0.508647249518610478 0.736173748075355690 -0.829200985782924558 0.347697514611106188 
-1 0.266 0.752087214453171993 -0.412134755865976678 0.284482835654855864 0.976745020245960473 0.953805863641440061 -0.249855867439112719 
-1 0.266 0.121581642153155295 0.17263993179461962 -0.411015921332591860 0.357460361041724680 0.559525453787375709 0.414590833333956332 
-1 0.266 0.278666040095829931 0.702586230034526930 0.425501850264127314 -0.854025967381662599 -0.261660160415524980 -0.247896461698693418 
-1 0.266 -0.592540547476710424 -0.921748561457888148 0.0374874974277667235 0.121961304318465957 -0.755450227895859417 0.832338541916987030 
-1 0.266 0.415437089053683855 0.787050776783392602 -0.262085119197614981 -0.482318365403847936 -0.259352391432635419 -0.496987340255479712 
-1 0.266 0.776019849025366482 -0.646841598942800790 -0.825753703118655784 0.57985240017319533 -0.360793154802919713 0.644603063563152285 
-1 0.266 0.272715171699816893 0.0566844815253704280 -0.512869624707928697 0.154257051446418537 -0.0254341465308846291 -0.73368462274170936 
-1 0.266 0.066553695405758247 0.644111779658331273 -0.407589670437233865 -0.719008175466514436 0.775464697265902084 -0.381531546292497334 
-1 0.266 -0.202508280637306489 -0.01189785969873694 0.953705807761606727 0.681659294263389307 -0.641556404194327848 0.61850365536542454 
-1 0.266 0.700100340997138426 -0.86146082782868608 -0.451057590486874790 0.219940988837757986 0.787117401199881453 -0.749990030548887571 
-1 0.266 0.965413753803650558 0.222409479339134559 -0.0645978111728899313 0.69891335329103032 -0.328275514009213441 -0.81794113507542501 
-1 0.266 0.643638959616151424 -0.918593727007699743 -0.0126538317673353999 -0.0963806838728530049 0.841810335487923389 -0.203926159078463584 
-1 0.266 -0.65126848813752812 0.577518870371988443 0.666927707222215531 -0.989082456607774686 0.759767336033642616 -0.208163154826614096 
-1 0.266 -0.327100143488325571 0.217600125085922544 0.0387321186998493954 -0.510052848974989179 -0.640787853499874038 -0.339603786103250901 
-1 0.266 0.735605858575226732 0.291753438869297364 -0.0565222545135236398 0.431861581929573241 0.797732425994217223 0.789576614816988934 
-1 0.266 0.179548449568489649 -0.0542408098078503338 0.838475429864819045 0.752291110491917743 -0.833299917803544644 0.720607958401612939 
-1 0.266 0.288447484377248066 -0.173589575948480452 0.192681555236312551 -0.0905023429202478631 -0.285429631636214801 0.97246031934903742 
-1 0.266 -0.990019493155421795 -0.38370635089856921 -0.162683526734436641 -0.555015089283158455 0.0422346066876515198 0.735555486328578536 
-1 0.266 0.561305684815298149 0.564413949528385816 -0.00612251801591607449 0.995672421852773099 -0.505635110785741793 -0.123383952667997361 
-1 0.266 -0.892761140427453451 0.5765461907865376 -0.469809165053837341 -0.139802987102110591 -0.237917211125150890 0.726334521398652924 
-1 0.266 0.678838927286863511 0.996923029513881837 0.923007239187240475 0.934088864919351246 0.696040049279626855 0.798337326937277264 
-1 0.266 -0.734099737918445301 -0.467801137349151581 0.00941499483557686373 0.181125820228582599 0.0430343419054590708 -0.102801397088695757 
-1 0.266 -0.243702771232520302 -0.311527273209633933 -0.369222611596629737 0.0534093343908967636 -0.872846055501215001 -0.668910682465442932 
-1 0.266 0.457338585276579995 0.707902194311509796 0.341302751471900080 0.221246294611378242 -0.868309353202714550 -0.163527774378863468 
-1 0.266 -0.114764731217474391 0.280560956663826080 0.0932333067823638261 0.417875306688831578 0.0781105859993277656 0.434289711427879414 
-1 0.266 -0.82175797772501808 -0.0539259877897377299 -0.387223333837361082 0.30513626586962432 -0.759879087432122198 -0.183825233092146268 
-1 0.266 0.0659912008934166171 -0.895725620697241660 0.802882301975435917 0.62431748445438494 0.528027524911105629 -0.627091323566132194 
-1 0.266 0.760598321532691355 0.212306483653709640 0.368365668213946065 0.883319337561935476 0.19915262459791189 0.1013290821367464 
-1 0.266 -0.419604783821312989 0.499458143032805559 0.962092363466357662 -0.454220457787732479 -0.462537362776779030 -0.437170282516262306 
-1 0.266 -0.0886672374654561119 -0.861594676025479320 -0.934761613724162761 -0.61679906406681846 0.74249177852484661 0.722237265655478842 
-1 0.266 -0.335434739188140647 0.14610935887244029 0.195748475136901221 0.845489664823926154 -0.212668677267639783 -0.940186610076862522 
-1 0.266 0.123901059817563828 -0.613563854251944239 -0.0145854804163330910 -0.75189910186719650 -0.996475297514370922 0.857971754261267232 
-1 0.266 0.680886730208988454 -0.877434792781701795 -0.183874933122650171 0.741535873989201878 -0.027841505039782964 -0.46945832215930312 
-1 0.266 -0.74850555013585710 -0.496868389872965558 -0.546615644531132857 0.469597243388637376 0.754321552466449492 -0.955748874412368394 
-1 0.266 0.0125657700051212863 0.666336658968106297 -0.51252731053936200 -0.621713521499621935 -0.612901342803981031 -0.505272205786210680 
-1 0.266 -0.416611579948778917 0.764519956263616565 0.118004243165959040 0.118330432551613125 0.355626515353823143 0.429160966692135177 
-1 0.266 -0.394612712631463127 0.0920751195745676220 -0.203331210076125865 0.483437825218357528 0.034282073008554901 0.0216667746086296496 
-1 0.266 0.701474107168735638 0.248716110923102602 -0.245371842625103279 0.633288157275613063 -0.698052909876713398 0.513260879565639618 
-1 0.266 -0.300341631522792708 0.75165912781312531 0.91390713305729496 0.0809260840106504765 0.512989973392129961 -0.958121732355833059 
-1 0.266 0.976584069286731877 0.708238152621575695 -0.182332406285992852 0.963331818414422368 0.994262730003986403 0.234706272015524151 
-1 0.266 -0.193717059296661774 0.912838127732140377 -0.377575664784110761 0.0576046736115521419 0.804326574844163590 0.49905583907414520 
-1 0.266 0.43021245959786764 0.0431062213424615752 -0.483975922704419697 0.54662267597540809 0.131154726604714666 -0.539111000773444325 
-1 0.266 0.680325693399940606 0.301508090733191705 0.292149645934606171 0.0321145114326283337 -0.824645044943936941 0.972263099222254540 
-1 0.266 -0.323000457501803857 0.247178292705592378 -0.551744793104626660 -0.203056498771358794 0.768185788023316905 -0.457960835408443515 
-1 0.266 0.480015579398444544 -0.758830594082981808 0.00908841866645259071 -0.800733809972352964 0.295300743625126034 0.313697183719960083 
-1 0.266 -0.375041350423446426 -0.717857243801468081 0.226622321027791543 -0.52618166702211752 -0.193294593142663785 -0.763486681471103070 
-1 0.266 -0.111225224063627678 -0.502955112577905484 0.484318341061563122 -0.706269879882939381 0.705814273587644867 -0.815386854734147997 
-1 0.266 -0.880848360871107380 0.563059163136393722 0.881552900305788462 0.725526422582889175 0.0996199018464273658 -0.862811096096425436 
-1 0.266 0.760721194576895678 0.0969231965654413776 -0.232030304032408910 0.246512355685515429 -0.783379777399450484 0.452366041709986010 
-1 0.266 0.784908403383450962 0.631687738858820348 -0.227882090133321853 -0.873872255231323641 -0.85677663328653951 0.7749102517607339 
-1 0.266 0.838416384223162495 0.953218189517302229 0.153530642567267790 0.932997044491218754 0.190682055787331008 0.298317251613978571 
-1 0.266 -0.349359118353607357 -0.18187382231455287 0.570283717067847338 -0.0848875389018421337 -0.00773248667033179329 -0.26933798676788784 
-1 0.266 -0.344810158388279892 0.847465127085705792 -0.574870831987183377 -0.0795119633544441382 -0.49263486524423937 -0.188983324814130817 
-1 0.266 -0.968915135815189115 -0.250615761544962619 -0.75827818811419989 -0.802065842986655312 0.384840390617686214 -0.875616596394883823 
-1 0.266 -0.219128507929927950 0.221746693492192351 0.835963543507227870 -0.227416288338695050 -0.67078159277497494 -0.039166844187640723 
-1 0.266 -0.355773723401281895 -0.353607239321157831 0.134200364006806846 0.260208504231164338 0.327915946515124600 -0.799444036193840621 
-1 0.266 0.0804902107929310104 -0.931342754479185832 0.449006847107997175 -0.963988793971869420 -0.490219912832241131 -0.760551445308518034 
-1 0.266 -0.895627734985696238 0.278418924942710071 -0.262837616964445627 0.545851834251109691 0.623686311048596693 0.979439111326403398 
-1 0.266 0.901978427573504186 0.04189358374178319 -0.891317560621184284 -0.559625807828343155 -0.645293658083876423 0.971783962483853955 
-1 0.266 -0.421102278417596248 -0.155470587291613255 -0.678420435793258448 -0.803158472468718113 -0.919309917553942183 0.886574848773645728 
-1 0.266 0.305676769197852261 -0.7653909486291891 -0.628783477754687078 0.696625280611232211 0.496898789078336569 -0.209864866877242968 
-1 0.266 0.110949347083854399 0.510228494104311321 -0.293249705572209521 0.815697188539822322 0.400673984994919313 0.998297990332434112 
-1 0.266 0.137119095314366903 0.943407954221264292 0.40688699625386147 0.160441725869391258 0.310428573917530027 0.494829225448272274 
-1 0.266 0.413520706616240367 -0.282156571249616783 0.656495711124279460 -0.665241998457187126 -0.429631123818877760 0.116594072373557904 
-1 0.266 0.464852363179341631 0.790025751189579200 -0.467493744846129655 0.71761906678282673 0.696546557552115091 0.561460461772429980 
-1 0.266 -0.0830362700384847152 0.371914848197881209 0.450789447057462168 -0.1921601325180664 0.994863001736984000 -0.0527400161259135805 
-1 0.266 -0.952782978965377881 -0.0805630953882264766 0.501071842951685744 -0.488698960361186127 0.11731358814800414 -0.713087737602533065 
-1 0.266 0.460862187554177394 -0.63405084566222938 0.428674615047664703 0.234399201108672206 0.340476520923366923 -0.0843896959971223073 
-1 0.266 0.248878969895840661 0.465362960054532026 -0.642560453959444001 0.461417459774827484 -0.320654929221707251 -0.0584935574369494320 
-1 0.266 -0.802853234779791632 -0.628793849151109129 -0.166466608143552601 0.361906964407594998 -0.338555375416623140 0.241340138124759974 
-1 0.266 0.193118107442411396 -0.27670418663644651 0.340324739015681703 0.524700154967150839 0.566249010069920885 0.878600028411416901 
-1 0.266 -0.800545313059792300 0.686558043495979771 0.361566435053112903 0.246200639628982271 -0.673352793588134957 -0.095940417507946613 
-1 0.266 0.677874873936802334 -0.688718449265348681 0.801043187354534755 0.860898877422548941 0.662616034385145695 0.959383151328694506 
-1 0.266 -0.153642529854302589 0.744458573887151454 -0.339513514163796718 -0.383549357667922731 0.925759487191119178 0.395895324618894269 
-1 0.266 -0.876219754299924017 0.60653545249853231 0.682282794343193825 -0.00246673897634978773 -0.657423525099390197 0.717170806947878571 
-1 0.266 -0.28393337337381626 -0.0620013805766277011 -0.0889291036125628093 -0.508836548862491027 0.255201466265201935 0.882313887038205559 
-1 0.266 -0.323542679383202159 0.116422984916262014 0.659627251275352451 -0.745656822219243504 -0.355240524924699897 0.206768671672208144 
-1 0.266 -0.358939159988368413 0.672039738275557003 -0.786012576965252940 0.254497876498101707 0.365949010996132022 0.999337572096560171 
-1 0.266 -0.100720835878180868 0.0825391646498807403 0.591439610841597822 -0.753589820939186450 0.676683800249348042 0.260985402324435366 
-1 0.266 0.69710100708974620 -0.738037210327522228 0.0974476128548925655 0.280490498399725899 -0.030613353549922938 -0.62236866301328150 
-1 0.266 0.427808105354524543 -0.452959745296667708 -0.129832002884868789 0.56227223641947364 -0.258358830227114871 0.621972441612356847 
-1 0.266 -0.97006278758374433 0.346780992697686903 0.30602943203841751 -0.440102705357188980 0.702331738167186513 0.773241580518876749 
-1 0.266 -0.824189271874141966 -0.920020328876799349 0.970859490993178927 0.536371407817773518 -0.793342323071634560 -0.926348527911665942 
-1 0.266 0.0977123415309313100 -0.285497699229301422 0.161745835172975216 0.39751691524636667 -0.272695510782209229 0.488696932263894090 
-1 0.266 0.216113276273614611 0.850951378252143171 -0.767714798775205347 -0.258768370343570136 -0.880038396136481780 -0.267039261417750488 
-1 0.266 -0.75168198299103754 -0.21920348055775804 0.509510896445351892 0.176166669768929090 -0.474369975778587376 0.827596732299388858 
-1 0.266 -0.411661512891651014 0.622073663204506240 -0.39019502166799364 0.325869437662881951 0.0867740764888401995 -0.27680739009463066 
-1 0.266 -0.782289786637743331 -0.901355674574626808 0.228089379749878435 -0.153987987165951672 -0.294299344825176601 0.942027775164350952 
-1 0.266 0.680006784293638835 -0.86708010181558279 0.988637189637971733 0.107714424123655754 0.426178502629115362 -0.149318962255296109 
-1 0.266 0.121205940154963266 -0.140216323921144300 0.569378092518783465 0.104209055947273964 0.306611762311684861 -0.0811387430203687896 
-1 0.266 -0.728396721835589154 -0.994547980028196092 0.331359029043769402 -0.647133232213104239 0.756012847319259085 0.960290565905980876 
-1 0.266 0.942818755612312312 0.245185909063568736 -0.160496409206895773 0.364145896658886508 -0.644459076361638040 0.140153304398707864 
-1 0.266 0.436071826295406466 0.218100544128670541 0.50588351013799442 0.26407236643164269 0.169670968989884869 0.444009282657229924 
-1 0.266 -0.138505737972634255 0.529305220041856972 0.585577804209981151 -0.686080718562233185 0.294685435681856460 -0.579355110814316343 
-1 0.266 0.0698276617446794728 0.384629298431969448 -0.149097194378183241 -0.924617129768271898 -0.105553091182936813 0.611095748237125852 
-1 0.266 -0.306622484366405649 0.854096480535235191 -0.380898947922820043 -0.155348095525484656 0.736253678303416233 0.517043837724586603 
-1 0.266 0.287820340151781238 0.102096086955328849 0.712866365117643748 -0.788016027096267048 -0.366968462093299916 0.455474577446747768 
-1 0.266 0.988554938317410739 0.236538315254963970 -0.225309911767366670 0.212761048026623849 0.507361378338811885 -0.311272394488291929 
-1 0.266 -0.242271070757373500 -0.631435885653647242 0.952996403195252563 0.952590314573188283 -0.453804914297520486 -0.996997252982420217 
-1 0.266 0.0852789568418569837 0.551561845924340976 0.733750371253708255 -0.312450051755736183 -0.0699189242713409745 0.907054875034260231 
-1 0.266 -0.109275079773500298 0.679686025205461633 -0.867239315539681450 -0.703119448428418270 -0.805348285594419753 -0.129759971805916169 
-1 0.266 0.566325044502596539 -0.167413407052428255 0.761742707295625328 -0.684278264361474778 -0.429268048608456085 -0.134396816522739467 
-1 0.266 -0.0965676523756940725 0.427947230799409949 -0.392433949843106519 0.170126244574460859 0.262886588692363043 -0.441972580339773767 
-1 0.266 0.657258769169650953 -0.313152201428572477 0.484374220152263012 0.994517885124184331 -0.277523084255642519 0.005418454483268076 
-1 0.266 -0.263963556143552240 0.0652565876999699273 -0.410431662468564383 -0.210395431415978891 0.834126169318447299 -0.905751248975106843 
-1 0.266 0.417357576716195420 0.490637910556911083 -0.323158742468962361 -0.103952764801419500 -0.942723256102244047 -0.592721732276632474 
-1 0.266 0.927012719467694220 0.460303973582869945 -0.794385088512909636 -0.0447438922552808154 0.929455092631278333 0.786284801286972099 
-1 0.266 0.747759285259645263 0.770465227594442280 0.92830549583149072 0.830014947291559569 -0.344767981526105057 0.730000480563701364 
-1 0.266 0.822386211414705784 0.269743346819858677 0.991630014475256431 0.698481708958698701 0.677198616135116066 0.882121177402867577 
-1 0.266 0.435708544051676563 0.623517929189834318 0.18583126262640246 0.803680229237972127 -0.698562754797805570 -0.92920270366505622 
-1 0.266 -0.10341475483690025 -0.0455794660694192580 0.386349511745846439 -0.295397356531207134 0.00755219165016120272 -0.562668314432490341 
-1 0.266 -0.373608863699672784 0.670022148946480766 0.63589459842661550 0.58402902566790697 -0.228378546981655211 -0.405222104844841409 
-1 0.266 -0.815806410006450873 -0.230958116036620674 0.126132888553659622 -0.543489631602499142 -0.0472975219562546911 -0.866811523278145171 
-1 0.266 0.181388588364435432 -0.530240140526429281 -0.725457035123697649 0.681025762779134953 0.941093546711460681 -0.958461836267807106 
-1 0.266 0.311084181357861592 -0.0788014151212572685 0.615442843232892394 0.843247710609324178 0.216230054643834640 0.988862192053834955 
-1 0.266 -0.73928957185115959 -0.518376953706155193 0.218718432057212041 0.760398745711793102 0.654738170613271338 -0.406119796392933143 
-1 0.266 0.0901085139773455256 0.398489977696875602 0.286154876008903370 0.140150987623296842 -0.832009250834572293 -0.766189769948143372 
-1 0.266 -0.000781905718668897607 0.513247459664972906 0.38308577668853736 0.401644429557328936 -0.434599002305232677 0.21849490647655055 
-1 0.266 -0.038510102874756486 0.740549593752410774 0.351217531035756286 -0.687846582334153045 0.82804091208713348 -0.440611804218443499 
-1 0.266 0.848856886923981922 -0.513816880136104417 -0.423626071676314673 0.593513167649895922 -0.574957671535279457 -0.8446902544965833 
-1 0.266 -0.182629135848251634 -0.536716891626367637 0.228864817314768789 0.492144798754985664 -0.483852788451319197 -0.300353290909228837 
-1 0.266 0.240293256795402651 0.623199756974883076 -0.931228718721646773 0.185792021415844437 0.0138767506248787041 -0.763928245588103521 
-1 0.266 0.90822592014784302 0.776617188752931587 0.568414919631889664 -0.788601919878897285 -0.0571917136733368788 0.524185495579276750 
-1 0.266 0.115966916838349368 -0.17957571986380965 -0.192549948532129531 0.783064740769335755 0.992168266356998804 -0.279378566694236771 
-1 0.266 -0.507551500488224558 -0.797463780135337614 -0.463962093722506665 -0.013156759108843349 -0.32381805609478505 0.73333343826799040 
-1 0.266 -0.0690259389932134792 -0.889391821579771276 -0.860281228657626732 -0.505360144497823593 -0.776872317863584924 0.617616104881761303 
-1 0.266 0.793750510172457197 0.740319437961412139 0.940106708442743141 0.0551543075112336134 0.661672260718731710 0.47276161735652868 
-1 0.266 0.960103720272853887 -0.775202630508220979 -0.574976391008259914 0.894780525191532171 -0.0163558904546491770 0.2056546946560991 
-1 0.266 -0.0747945737936271814 0.341409009074736358 -0.899061926387496067 0.66855757948150979 0.265262058675989069 0.750456425653151671 
-1 0.266 -0.662702705168285711 -0.202835550044958636 0.607412871462917823 0.57322430669757338 -0.868808891125752046 0.565690218447518261 
-1 0.266 -0.550284796436825921 0.629533421064517097 -0.116189460521683016 0.661942585332538032 -0.175336705185561977 -0.645589659671978171 
-1 0.266 -0.159860679397452249 -0.270664018834701402 0.596319063301833516 0.226651618615579583 -0.437390678005203395 0.154568655431432662 
-1 0.266 0.383257145153939024 0.655513843212203038 -0.540453120745568592 -0.479775882718658040 0.686099526228880506 -0.566633293775413839 
-1 0.266 -0.39802075587212181 0.757067781803684613 -0.805888274064824300 0.115237543798388708 0.881558264549818601 0.603174182477241721 
-1 0.266 0.0856131533377883652 0.0798384818861888327 0.478428190088492877 0.885357168373526138 0.895021587453505945 0.68236073646610964 
-1 0.266 -0.864430939251603954 -0.720075557789461414 -0.724758388375680102 0.0591909978189831294 -0.0370807481192764284 0.785035136879839509 
-1 0.266 -0.888715629946549352 -0.270399711867698382 0.291120021334739890 -0.300542071789320840 0.314312197776933904 -0.206931233353566838 
-1 0.266 -0.828614492757407252 0.223867891691439850 0.0419804488255386943 0.990651052586292188 0.170341970123424991 0.872164570611685316 
-1 0.266 0.538360991749531439 -0.241316979251382531 0.452696080788679997 0.318975030103797513 -0.672972325583124215 0.759297772855495200 
-1 0.266 0.958907626966813248 -0.436444443002806780 -0.926038194758726214 0.043098515211629931 0.42330198766167680 0.800900423444148402 
-1 0.266 -0.822471456228183428 0.319309463631519013 -0.685882488636501729 -0.582899521714552933 0.392920521144269893 0.830103221731442343 
-1 0.266 0.352950066601531214 0.321484451344647271 0.0601528444455883137 0.309119208993255085 -0.715146537216365312 0.545751880558596268 
-1 0.266 -0.792238095121541682 -0.0135945111241467773 0.589386532497460940 0.172346406973385873 -0.260909042595244181 -0.0744950084143446787 
-1 0.266 -0.993620084424602446 -0.855741096436545962 0.896130207972475824 -0.249396238717596345 -0.681561593997424276 0.340388945326115685 
-1 0.266 0.199583121304698695 0.813933940899128495 -0.584027259487580523 0.953737854435772461 -0.0823294237318201351 0.319366077096290334 
-1 0.266 -0.677502682465664211 0.165004833412492376 0.276386470899790651 0.72883286128930044 0.568133327085438913 0.231392833895141389 
-1 0.266 0.816528416392200920 -0.492547915831995740 -0.671900957844738548 -0.201034464608527890 -0.521501742373780808 -0.926139734735931742 
-1 0.266 -0.651145087898413779 0.173621175331849165 -0.117149541384832265 0.225417213055710039 -0.0801953169078525716 0.338643224023965746 
-1 0.266 -0.127906810948742230 -0.719142664496813165 0.407096506241877772 0.0613307461325156847 0.217967042711497468 -0.566346838258971927 
-1 0.266 0.450902543338459329 0.267112105607739658 0.729497851897332783 0.300799963876659584 -0.0567280451924788748 -0.787150921794206130 
-1 0.266 -0.687120139597805813 0.225585909893403066 -0.41471891239695725 -0.316797334846325690 0.25727255053241364 -0.982996218631772747 
-1 0.266 0.98928907309653990 0.23373891493720637 -0.423717482396579106 0.436037341345331637 0.0834023334924421212 0.547348040143352448 
-1 0.266 0.602136552415544655 0.276120572642599168 -0.129946331262633243 0.646167121685900480 0.118334773725799125 -0.548027179773530545 
-1 0.266 -0.0601849773467462106 -0.535745901912971337 -0.60177675673872906 -0.844937948346573238 -0.824842697455945717 0.945250862218786553 
-1 0.266 -0.404195584415234496 0.816079446931199963 -0.654585985505551309 0.122485845031263428 -0.3118889405285411 -0.435965047299937889 
-1 0.266 -0.557013086569364752 -0.854108208205321174 0.404028899593530479 0.0570437298329573011 0.137186525101921596 -0.787686344867968919 
-1 0.266 0.378380169544853036 0.738736388933987913 0.062787438313924324 -0.702300204251341074 -0.236465159414219921 0.256710674093380911 
-1 0.266 0.319284780156907373 0.810652985957146008 -0.139724448177938041 -0.371733179425378478 0.497160744171625680 -0.0226649621888939502 
-1 0.266 -0.936542404311382345 0.0727179900102397141 -0.93591008915885926 0.897147396686169343 -0.440729299647563002 0.165290441966860728 
-1 0.266 -0.608745346543966979 0.114278772646273411 -0.153524492027720728 0.425706480323178376 -0.0612638523071268077 0.425325472825578953 
-1 0.266 0.591448685406445591 0.864649418459654918 0.0855815145871528482 0.838166062666456236 0.939329499416519798 0.261412863108241698 
-1 0.266 -0.417157098943351700 -0.802919260608632741 -0.132903345334913744 0.991119919813720499 -0.690700084145177659 -0.114597967569916879 
-1 0.266 0.236078284073415427 0.815119760808129225 -0.570795780001859332 -0.139450320422482520 0.702917888347119561 -0.824185308725793776 
-1 0.266 -0.994966145402328001 -0.0105421301319264025 -0.779992476763712458 0.715832136262771316 -0.638751321744619260 -0.69016886055510276 
-1 0.266 -0.987808070799621315 -0.864873192222592612 0.0922669106463379277 0.242334726468924139 0.291011140702644343 -0.0252649296365205585 
-1 0.266 0.565230033335377695 -0.248509526693540400 0.179272109393567214 0.0138057614129605136 -0.0752256279977788248 -0.621721114779235910 
-1 0.266 -0.605838030933847974 -0.750753768188455676 -0.919567336763423903 0.0829913544854330173 0.659538823941810283 -0.769722039086418126 
-1 0.266 0.297234240872152961 -0.226499297213323283 0.0905710812501267681 -0.949077920248762840 0.7006651587941523 -0.4956433424687693 
-1 0.266 -0.219514654868595625 -0.450560063672946024 -0.797096612699198250 -0.521571766019210738 -0.748571194954275447 -0.254366652923548175 
-1 0.266 -0.254381134857346241 -0.493799452534935207 0.108319077754801478 0.438849295556614621 0.372076613944236314 -0.561849247472741344 
-1 0.266 -0.584035148761363287 0.525622635058878977 0.931807402946776001 0.856088303713652677 -0.158037489852654538 0.619260787124712193 
-1 0.266 0.303268924479599527 -0.895826549748123742 -0.125764045595765446 -0.206974195027839372 0.391783891265115061 -0.708437603037236851 
-1 0.266 0.677757942754215646 -0.926374050462190615 -0.3100705495147783 -0.0410987902273643534 -0.397147191263877627 -0.119535501514346500 
-1 0.266 -0.305702586729229338 0.676548889539785127 -0.185441755299589115 0.557002264916765706 -0.904798211997155648 0.528326258383874842 
-1 0.266 -0.378624845617792388 0.301066960574170977 -0.905260033303386243 -0.209223768959212895 -0.82280514456798113 -0.989698745856867659 
-1 0.266 -0.495556477838708021 -0.592818255263928788 -0.0974136758277352424 -0.00381987282563172256 -0.773923377804178652 -0.943204418913438359 
-1 0.266 -0.947628442537871639 0.50210305894176133 0.686672576176124508 0.563981361169858801 0.027221334343859699 0.985805316915131299 
-1 0.266 -0.834826541175645087 0.714300797892606740 0.367317988831472502 -0.939765993128593598 -0.161768093781702840 -0.372054829037790836 
-1 0.266 -0.53630198843252156 -0.305520484638274899 0.239206470269468371 -0.347371223061154151 0.137080312208307366 0.178082328006856099 
-1 0.266 0.576105493854961710 -0.815650828246732789 -0.859104318982564585 -0.648559918121222971 -0.965106299421107758 -0.0292671547647215542 
-1 0.266 -0.645574809874594846 0.659051690183853439 0.785437080908203266 -0.763333557725197815 0.323912865916813603 -0.766777752651326120 
-1 0.266 -0.735610647258178208 0.0812993967564709984 0.445998835077246882 0.989779963552635488 -0.533260381145163363 0.400436300852512044 
-1 0.266 -0.0919352715216349981 0.628076051303701860 0.530929490139704289 -0.295795597307331454 -0.992464141899987760 0.785370412596671513 
-1 0.266 0.388283197361382310 -0.358744252249624214 0.759102957077999181 0.689462249053842126 -0.0274232048331305364 -0.390483427758821657 
-1 0.266 -0.78018804396648578 0.942690290494429138 -0.383003020948658357 -0.141310729644427163 -0.389933907538591468 -0.969530106054561682 
-1 0.266 0.984365259652313470 -0.625806181031806662 0.844036388458669200 -0.465172852401606579 0.998087473869268621 0.915759657148978873 
-1 0.266 0.318917272928166039 0.880059763491196726 -0.149097186784720355 0.714546360641712438 0.767397811473453457 -0.393633683543959663 
-1 0.266 -0.917342174918407818 0.0103861950524112578 -0.0126099849245237642 0.772483087435738876 -0.17756293448315386 -0.102302907314432199 
-1 0.266 0.98444442617355983 -0.785919992715644228 0.227983058194155977 -0.248171695959458226 0.266584961972715264 -0.383265556714945471 
-1 0.266 -0.518254962492388924 0.305652697861866843 -0.975382673112706526 -0.919650998393705236 -0.245690324024398416 0.729370279683494061 
-1 0.266 0.546484316351637485 -0.471205235831616568 4.07398334576e-05263168 -0.484908582212141333 0.655343326089758619 -0.356588084095614096 
-1 0.266 -0.517637699367648528 0.835167331404932943 -0.126876648653290469 0.623898959602930007 -0.829647483544519268 0.15113828321801018 
-1 0.266 -0.0886263215402894249 -0.500682244238143799 0.217737554173538612 -0.600506574616907384 -0.503830113461769465 0.572178457999408632 
-1 0.266 0.340811505275895720 0.0667817515258620738 -0.136106311189431738 0.803849443118453149 -0.144273385247632605 0.708978036819445303 
-1 0.266 0.145371411318671465 -0.140137936501620776 0.91867877214571447 0.723170233601174486 0.830780250457701340 -0.680173135743379246 
-1 0.266 0.481987273477131573 0.823275784257907566 -0.254170338978284835 0.256824326856585125 -0.957727649886177018 -0.642547792731418460 
-1 0.266 -0.0888644649111460794 -0.302860239763323575 0.270822058558213872 -0.637782034753663441 0.773795618298894384 0.188485715787735719 
-1 0.266 0.487860150381692869 -0.551833039842568896 0.370289556223954495 0.119641693455428079 -0.359707602145847981 -0.123260745639927545 
-1 0.266 0.986350445275384178 0.862149911322862470 0.633564234547126166 0.0393105809637222294 -0.851788369938335089 0.385025182645694249 
-1 0.266 0.630474749176966977 -0.751256708358765070 -0.25114927887564477 -0.916622817708776633 -0.687572658793814313 -0.839838615919994717 
-1 0.266 -0.148482958467825483 0.682486110292879796 -0.882627197985827705 0.436643235071743804 -0.430478099829346965 -0.65932224391306449 
-1 0.266 -0.363781543867925471 0.0107201233984154153 -0.325355179981912608 -0.419871538775325651 0.226871693726971486 0.710404455157596479 
-1 0.266 -0.989841914439520386 0.816644506764658786 0.472233227622964804 0.166823900354422690 -0.910551048558674767 -0.716669074416254101 
-1 0.266 0.351046145202280565 0.751838496596497823 -0.0432445005084653061 0.302719098115383887 -0.830472776346776423 -0.0585190921193943650 
-1 0.266 0.922383579255325617 0.226898340824868051 -0.2312325802597479 0.887908307932512503 -0.153482830298132930 0.826309380776706225 
-1 0.266 -0.429650361227967277 0.209805228255734697 0.783049338251422808 0.653532985845656851 0.940530379584159608 -0.209526962292557679 
-1 0.266 0.774192107315524792 -0.0734788732089773617 0.80300861149120341 0.182754972607531182 0.628243145819333047 -0.120267809222170460 
-1 0.266 -0.527454159276876989 -0.170035123431590244 -0.948826938492100812 -0.115791336697497572 0.688057790033998149 -0.820258134714213522 
-1 0.266 -0.75888498341385976 0.0253042857774248468 0.0167854244118476428 0.771256122457660074 -0.406148696209399948 -0.423823976501462141 
-1 0.266 0.134171019562567114 -0.576743799998176847 -0.974143056974303902 0.323699718923579916 0.0865785909527922209 0.451086919624720692 
-1 0.266 0.738293695931914655 0.0369422602979644106 0.139127085827134022 -0.491845790731796150 0.460585290115611405 0.357219812118231747 
-1 0.266 -0.202546934385914246 0.978984042399270335 -0.47905726214273130 -0.349494907691839684 0.452685560223331105 0.506257488768316158 
-1 0.266 -0.731057192613888007 -0.170736317581200559 -0.521243605683492884 0.483173784308183160 0.90053894844954275 -0.500352400232302189 
-1 0.266 0.261071025667964766 0.394770976553253295 -0.558995099744457078 -0.152247352329382911 -0.801674470672864728 -0.0127789865449499131 
-1 0.266 -0.594497839087969361 0.430234227035808919 -0.685311809462679762 -0.551621758076323124 0.867811373963279275 0.298148102894682321 
-1 0.266 -0.326728185128998718 0.228931411057460882 0.458401592583473922 0.0657623994797492045 0.121317186624160851 -0.859274867636713779 
-1 0.266 0.325237999171861387 -0.414666274346609273 0.474441518006288541 0.719161383526873279 0.553026029678238117 0.574482742444955151 
-1 0.266 -0.357510161351142261 0.217311226618557443 0.716143916627694853 -0.505179819382440601 -0.713131130182906751 0.520968227449286941 
-1 0.266 -0.474073613311851103 0.498940144241132838 -0.802569817221713119 -0.0475260046215741036 -0.845100004524662386 0.250284457758724357 
-1 0.266 -0.641021240784415946 0.358954553866241653 0.828147036259208364 -0.0571463442658331555 -0.371900718105805 -0.0735310144676600712 
-1 0.266 -0.00479856024891563583 0.900461550481931999 0.783281528095438013 -0.361858687182113228 -0.0223627003924405778 -0.033035969171535862 
-1 0.266 0.934166241317748832 -0.163730711106620387 -0.462169312459618117 -0.615363872598885947 -0.621837125783793814 -0.183438991212146860 
-1 0.266 -0.138649091169669313 0.637851619557800317 -0.725435627153733436 0.0169015672084714351 -0.170368946385632610 -0.372387623278486679 
-1 0.266 0.667124271424361248 0.798255905194120627 -0.629385495516718369 0.380474412216970390 0.901745915319185048 0.878913393844366032 
-1 0.266 -0.998602661625826676 -0.154743366994808934 -0.21731773929955398 0.616503168207971951 -0.167541476674469259 -0.665149127205581278 
-1 0.266 0.965921788685670631 0.891001968684809492 -0.315974368488880807 0.024633101107919095 0.277581860068322415 0.582914013212487407 
-1 0.266 -0.529127624947107292 -0.0422477149108272291 0.32452064023635777 0.55009707714718109 0.763924835367415963 -0.651774026636453945 
-1 0.266 -0.986019406626858596 -0.368450936076227266 -0.228274234852247091 -0.158760484126890059 -0.114316818599551202 0.622148026391758157 
-1 0.266 -0.449338203453333794 -0.585208306074134531 0.618684993909100430 -0.671546596865710629 0.321253994133826622 -0.905369115517554792 
-1 0.266 -0.819760339362876077 -0.671716567671489566 -0.914069838543928749 -0.346590077205134933 0.31193475809876005 -0.629788306984235396 
-1 0.266 0.81527120326650844 -0.717564377006211402 0.749921133444595235 0.00501032007497933638 0.840770651598142571 -0.298235516647977896 
-1 0.266 0.842944274242976030 -0.658894909797403950 -0.294596235712537416 -0.781746106035264175 0.732553050292866161 -0.692050295144237062 
-1 0.266 -0.600718707088165616 -0.279507843258239094 0.344884405905197598 0.62053617975598616 -0.512490614467389662 -0.544204959072414302 
-1 0.266 -0.222537360418673272 0.263057492514607764 0.684219324972691934 0.226403004067460623 -0.391247162295547893 0.167497640078515696 
-1 0.266 -0.524969625596628654 -0.174532744123502948 -0.0922110304362422720 0.466808615476374834 -0.976053198326784120 -0.688746495944267686 
-1 0.266 0.987970356885248096 -0.86058637493495793 0.264580402929399577 0.930067291964853508 0.515453207637150744 -0.786692244683510332 
-1 0.266 -0.989709794174980741 0.753698713061761023 -0.191181789444546051 0.230304929173184267 0.366550813871473533 0.32115928107572165 
-1 0.266 0.482824102469698637 0.227530987797146007 -0.683757406062684281 0.168712801927417649 -0.312576355262930631 -0.162352882432663614 
-1 0.266 0.946910516235250065 -0.600595389558336643 0.344761662549333331 -0.571271798957170131 -0.0534485690612931953 0.255362914462919632 
-1 0.266 0.350873143735869734 0.964185763931199440 -0.542927001223267479 -0.891363901775892820 0.794383866161599187 0.290434344204929502 
-1 0.266 0.233559176457281476 0.371054653692508476 -0.622990496836520998 0.305889855287655583 -0.24772947063819061 0.610826214261622134 
-1 0.266 0.989263457292565211 0.449444060826851121 -0.167871763026254190 0.193756302658785491 -0.167820340852732752 0.982624520581125692 
-1 0.266 -0.0435425551632191212 0.099089005044295718 -0.15537664299267131 -0.584306050101936106 0.841846973146975191 0.194372765312841212 
-1 0.266 0.507132444032202127 -0.986877758548855391 -0.848556785187260864 0.706598675012113435 0.757256012262399922 -0.967993082151548088 
-1 0.266 0.559602198771228269 -0.336378609573979207 -0.195473020866929344 0.147362170372170260 -0.601301843265578491 0.920194053734187880 
-1 0.266 0.142763796773811730 0.834598854812213097 0.771464248376966964 0.815465106884477063 -0.41417238782198775 0.659708946972388894 
-1 0.266 0.581158976293207548 0.601036702283222602 0.575089993714934283 0.275208194385723219 0.749572985294436592 0.135032800004546805 
-1 0.266 0.276842975054213423 0.510445087075225432 -0.952692316448441122 -0.79424320121834526 -0.86927804736420559 0.458329388871862320 
-1 0.266 -0.00203984257777162715 0.043295041065451913 -0.995568211574796777 0.439179429235237486 0.901979617988985630 -0.995534469723277376 
-1 0.266 0.339718714202670754 0.374835840448619252 0.100750012132196622 -0.0147210628346874990 0.432910471046722487 0.28583455517659367 
-1 0.266 -0.537849633265386185 0.996381189437639730 -0.630632730582553791 0.793681126709171624 -0.786882353603236210 0.255899694794164924 
-1 0.266 0.780011474616395830 0.649430604389389133 -0.220828342471398714 0.672236133917564624 0.422274073556721573 -0.0927632815189603240 
-1 0.266 -0.753865394006918651 0.694858064601592653 -0.736325432275695953 0.495718472742893444 0.474636607845227041 -0.352187222895985633 
-1 0.266 -0.099192357875286584 0.911938530791365434 -0.721202859141410806 -0.62128390229955455 0.625062668681388145 -0.149591211326649669 
-1 0.266 -0.55282848709201843 -0.37323267968682776 0.564451525992711147 -0.707427284491116165 -0.995082043297610363 0.0847093284598589353 
-1 0.266 -0.210465414565304192 0.929909765513237008 -0.0862030188513799863 -0.163706185321562684 0.434080069507458903 -0.650288396368927017 
-1 0.266 0.657931663543791273 -0.495877588426970496 0.166512720119680198 -0.70802399316366711 -0.576461865524501639 0.645806956757821947 
-1 0.266 -0.250237155817474490 -0.0543864035033157738 -0.902057337442623574 -0.230553341068900267 0.873080304422935045 0.0526437445367512744 
-1 0.266 -0.582370404952568912 -0.258207384026809610 0.405803604537261775 -0.732775155879726297 -0.856379333264377783 -0.868032659517698425 
-1 0.266 0.782019096587454137 0.158699219289644839 -0.504985620887613540 -0.540353008551331363 0.884152103722989641 -0.619399573748872219 
-1 0.266 -0.544639222497261794 0.00381978086672634932 -0.981890125005210581 -0.667499605602494457 0.836273253931101316 0.825531534276270399 
-1 0.266 0.913249028024410996 -0.204965139766720159 0.361317596889576094 -0.454602347467191606 -0.77709795079249360 -0.428037106412433512 
-1 0.266 -0.8414564098618282 0.826646292098393710 0.537024828459387855 0.0435237151553243902 0.670975710423869787 -0.970932768216546117 
-1 0.266 0.1283648045424252 0.298803934649365985 0.884222485002930657 0.67727188372514201 -0.554703734374195605 0.0204347415907952420 
-1 0.266 -0.439878958741303952 0.575829327161425907 0.000359877113812296176 0.254767322912861636 -0.612454845833570346 -0.552613180715881324 
-1 0.266 0.426574757185232471 -0.358199285338389404 -0.709529580567831745 -0.363056096773719219 0.813033891631788572 -0.52136723171594886 
-1 0.266 0.670498899059766199 -0.643583300107598885 -0.892197820401505398 -0.0136510988201667512 0.803811648859671353 0.167838662433293555 
-1 0.266 0.876228904429244521 0.729249675891822261 -0.226390764369274062 0.417425641448107783 -0.520484430275377006 -0.044030406531251807 
-1 0.266 0.615432222762748080 0.246429693794222683 0.797809609174815679 -0.629170692387438018 0.878186538366992990 -0.576521166026396965 
-1 0.266 -0.116990155372132696 -0.492349270234461482 0.396697967952152578 -0.00302283900268493296 -0.307023537287130592 0.981359730895678746 
-1 0.266 -0.520980746102361553 -0.75638458377504138 0.625259820204726896 0.69967976776119361 0.688435482323862909 0.140653955305102307 
-1 0.266 0.462673076775282197 -0.681818745027943053 0.914912096042291412 -0.00750475397877638928 -0.490897446843306724 -0.964323791639215120 
-1 0.266 0.909820871721682476 0.178937902908959458 -0.753160581303607915 -0.875734037679893894 0.265431238318896121 0.366328218125771490 
-1 0.266 -0.846860075257313949 -0.120048734919384545 -0.85135440952423858 0.489347843431826140 -0.813151403488306673 -0.308916057181487632 
-1 0.266 0.270374693128654429 -0.542569786713277133 0.758055516663884075 -0.716594636872217221 0.523086080554764454 0.721170789933670832 
-1 0.266 0.714632923357527330 -0.292640086608162881 -0.706338245836168204 -0.0181210221671191265 0.0242652840884975110 0.558829836852805603 
-1 0.266 0.544438179546562002 0.290423541782752841 0.893466793001380506 0.904215994633710686 -0.995713122549581963 0.842655248792748149 
-1 0.266 -0.960384713902590160 -0.300086011417528651 0.0464855041249642437 -0.732650203725537424 -0.730020069881976087 -0.211145747395646632 
-1 0.266 -0.139326039703682716 0.858588134387499332 0.731502464436860654 0.191528681685279271 0.946505108054125219 0.869111051353213194 
-1 0.266 0.392409841531425640 -0.649818728203261702 -0.271202555139492369 0.0729054161512295202 0.187920467097982568 -0.59717894779603075 
-1 0.266 -0.585729544114802081 0.275503644125452445 -0.302802569702659537 0.876457763821573497 -0.335822819464878690 -0.740976760041356495 
-1 0.266 -0.129988808348758542 -0.259337916292983768 0.426670724022567112 0.192762056747236514 -0.342487447142836545 -0.549010839015204772 
-1 0.266 0.890730058197954933 0.975032434632760758 0.00679121916218191899 -0.464810789419255239 0.297897518753345629 0.201018879768241064 
-1 0.266 0.039079046494394772 -0.15937596211553586 -0.497158287231126723 -0.560799709876360716 -0.90357488982342248 -0.56652454019871620 
-1 0.266 0.486821318231466895 -0.322177872512889486 -0.319829581487387904 -0.684996422529936486 0.763287913419692718 -0.209164779138607147 
-1 0.266 0.770153152272458583 -0.364720523081377767 -0.993988871823353035 -0.676642472806319525 -0.520174201971531281 -0.118544833746980333 
-1 0.266 -0.91942685341951089 -0.68855293714508955 0.951691588862590582 0.104566351159991270 -0.458218436966293210 -0.199885325729295333 
-1 0.266 0.33822136729984179 0.373331843985156449 0.45985731044613586 0.541092926892858058 -0.24029850659947167 0.444840564178521452 
-1 0.266 -0.188244825797875902 0.695043950676722665 -0.281885694537733762 0.0672775344571987397 0.611508625161735444 0.556419697896780272 
