-1 0.078 0.972322728034204568 0.194020205613966807 -0.836360945119936972 0.922693012864732016 0.0702793203344705717 -0.82225170371169440 
-1 0.078 -0.886870250523852118 -0.644375613627500181 0.636477990177133648 0.706556109468574483 -0.54562235873570921 0.960102819862660682 
-1 0.078 0.409963072723177362 0.420716538213845763 -0.0534200887565212899 0.703255614537236414 0.248078000676618864 0.346884018255858538 
-1 0.078 -0.210321702083684786 -0.773903062483601265 0.677606483712282056 0.30035217926764097 0.933267536507400522 0.270486922907960456 
-1 0.078 0.220632484272672194 -0.541316319691432131 -0.443115648133365809 -0.336063804937664906 -0.77985628665417566 0.0124929452778761812 
-1 0.078 0.815440855514157669 0.774221547676514071 0.0535221435441766201 -0.477708945774859564 0.204852023072728388 0.431416844074719601 
-1 0.078 -0.334054135723388695 -0.754869231274330846 -0.266642995222501836 -0.839709712093136577 -0.194131968353493410 0.0118832855948923366 
-1 0.078 -0.331960775286223489 0.848800965668509855 -0.649630596143903084 0.725787446514612561 -0.0787221623897484827 -0.188533362346931241 
-1 0.078 -0.844606866911760460 0.839229108047591824 -0.52526525745384012 -0.987411528626483880 0.38686831302775243 0.399375084597949189 
-1 0.078 -0.23429646186973584 -0.15013629306798622 0.0674817574277611037 0.876008102325588029 -0.919584096932602432 0.747171149383914196 
-1 0.078 0.339498186512304031 -0.00868002849246532773 -0.318059118872903430 0.389088924288316318 -0.406290236034635566 -0.347147409088680605 
-1 0.078 -0.0925334306564951493 0.481330381993579813 0.149782811653571521 -0.631422289635655649 0.463252614728279217 -0.387010935984526592 
-1 0.078 0.878450994185261112 -0.831693724226242707 -0.376787046601919398 0.495233413929894109 -0.977686806751610294 0.392943747034786919 
-1 0.078 -0.181539467861788988 -0.499318259894712786 -0.862942814688757423 0.829047055365314459 0.432512786991602084 0.524284362551926595 
-1 0.078 -0.841391888716447796 -0.475412623379295265 -0.522584846875930028 0.795776106232593648 0.12126039973616498 -0.0917167438039931380 
-1 0.078 0.234691061599882537 -0.410668902286773410 -0.151144243764282346 -0.695174668027712510 -0.235679987537310254 0.597502920959996011 
-1 0.078 0.854783976141402778 0.0420169006386613276 -0.469422270821161561 0.245152616147537913 0.961510517399928097 0.621912763204621931 
-1 0.078 -0.653992882533198119 0.72666445369246236 -0.909168772676106777 0.110672192674338993 0.560666241992130884 0.953334624934796527 
-1 0.078 -0.127200853916281748 -0.770266935529302205 0.480614251382828624 -0.567045739002276927 0.334823631077995360 -0.339204037591542136 
-1 0.078 -0.536517212947475228 -0.237525482715414746 -0.643092984937493208 -0.913026926963170500 -0.012265504784712324 -0.0679373945062521956 
-1 0.078 0.90579609938467331 0.918234159998365268 -0.886913726728624710 0.0638771077491276062 0.566125475105252412 0.220749667598951914 
-1 0.078 -0.712695783646963016 0.245105768377313070 -0.358845532166690332 0.238314395689541466 0.237796356837735850 0.499310416394426415 
-1 0.078 0.909792098573520252 0.954447563764776936 0.190358101199887081 -0.919847734444604415 0.630903714501514784 0.609649365312100300 
-1 0.078 -0.422518183168339811 -0.363014559847654371 -0.673556725396136165 0.295304877074170488 0.215811553061129893 -0.48290325425537768 
-1 0.078 0.192794876228476584 0.83201398026802564 0.521013323378494732 0.180492916286667248 0.951099664651519305 -0.44231713798626743 
-1 0.078 0.145161436974857096 -0.362850537803752145 -0.910820301905170242 -0.304094063366642505 -0.0352727294068709512 -0.222890318376842255 
-1 0.078 0.531060859654983536 0.330497398409696016 -0.181701779294267343 -0.235092053295109840 0.943447849317295426 0.756885834501145327 
-1 0.078 -0.132835224858729211 0.539957175562493689 -0.156166497158451444 0.76142189038281102 -0.861942873428898841 0.98262542361677331 
-1 0.078 0.446058564312643292 -0.544769196731479921 0.722969978917266802 0.170500397722310081 0.722272721873566595 0.353270362881418931 
-1 0.078 -0.307741558253182121 -0.0198495371726939870 -0.207286010437819314 -0.827740187788686070 -0.47946190656189381 -0.571885975735443827 
-1 0.078 0.14087681147934760 -0.120952960557203818 0.303879173265928154 -0.624443992616618672 -0.390854296729798040 0.991458228764792335 
-1 0.078 0.735597261781185701 -0.0251036798198615313 -0.277256303108319078 -0.84704330411494038 -0.122744172404431694 0.386565622926745845 
-1 0.078 0.985559067637839562 -0.76849625243931286 0.0553387163989715282 0.219883356802574871 -0.0581269318066411143 -0.167082697559565911 
-1 0.078 -0.857951985254944232 -0.95190430732856146 -0.770153183873131792 -0.0661089099834674322 0.255069080642372674 0.0478400740702771869 
-1 0.078 0.38500158487275909 -0.424125126099543020 -0.556738774411610877 -0.667146929065526756 0.403507368029922370 0.0416398833343115851 
-1 0.078 0.648421171718471978 0.911873256703484906 -0.536580318773959465 0.808282151798627633 0.386518305143320729 0.483104617142396261 
-1 0.078 -0.31712601252919669 0.134427579574737747 0.391446661249831063 0.796964918802971709 -0.460296221525915905 -0.673426101129751391 
-1 0.078 0.510472427026139935 -0.0128560808003614147 -0.257118110909148932 0.393749041499283225 -0.825157116651798042 0.116878721876142461 
-1 0.078 -0.60894642705232821 -0.283401158403997010 -0.0209742943415985391 0.217943026084799177 -0.369976611888814401 0.423662094043171263 
-1 0.078 0.872379708221745074 0.526480195367201696 -0.740721025702705884 0.0991004611483580056 -0.978097084375968755 0.00125814844216353666 
-1 0.078 -0.332837822894631874 0.256703734452439874 -0.559756315095529017 0.612709604782823832 0.117629418192181855 0.437275396267966698 
-1 0.078 -0.919595805986631446 -0.276936695701443578 0.345295439165182523 0.706171463216208400 0.8888308349685330 -0.662890916856999780 
-1 0.078 0.396283539459477221 0.14176468979493259 0.982621458941995414 -0.0056763755058104220 0.993886772594304361 -0.80743449079147269 
-1 0.078 0.0847885677979714153 -0.996466624274187968 0.213236003022122556 -0.372718281074959692 0.143412190716197651 -0.42820225697654238 
-1 0.078 -0.354667334445551152 -0.4009925151591929 0.830691767601639960 -0.868726785956954868 -0.296030744929368252 0.347861845162166828 
-1 0.078 -0.732980100798193800 0.865506641569902627 -0.546213711405210351 0.149586489045842336 -0.87733677502726663 0.723845553047404244 
-1 0.078 -0.800229727206330632 0.210759332282375888 -0.222146966405403441 -0.412858587609646617 -0.0887691382204814721 0.312595014296891628 
-1 0.078 0.788413726379233125 -0.0239329755868889264 0.251383093448199667 0.0897085951552964301 -0.753132927613929193 0.108097105937529773 
-1 0.078 0.107247135015701029 -0.417631300461758164 -0.710598133461753273 0.245515892295230252 0.379677650494281978 0.59419990232454428 
-1 0.078 -0.162878221346235144 0.0206489748924663341 -0.603255211172300826 -0.948015480396377932 -0.95430488295300456 0.73762650108489681 
-1 0.078 -0.11495525256870148 -0.845411424595581487 -0.767603781736463587 0.170016890814402057 0.640288170972612791 -0.250037550534878628 
-1 0.078 0.0905510471783326278 0.196518382097681542 -0.761689772702163468 0.835463953072253334 0.34510708589239355 -0.964638117422578293 
-1 0.078 -0.367914394523309863 -0.883116656881735339 0.363255289452901544 0.915480640042946505 0.887770238953176316 -0.205887824905928212 
-1 0.078 0.330599196134117434 0.387890641718424976 0.0270912301844678485 -0.0458821006008354951 -0.0573491726348669154 -0.288478505823407383 
-1 0.078 -0.969749809407730633 -0.535522664316741900 -0.60729710815310088 -0.0356152596686749095 -0.801577299053871283 -0.348442518953999730 
-1 0.078 -0.392799538986329771 -0.0167800642451394842 -0.377832863829905497 0.176908156683391872 -0.186613977615922554 -0.292305465942383268 
-1 0.078 -0.756600664802803228 0.759296062958351480 0.47951928732986373 -0.315320431864453443 -0.496625384675188657 -0.998152407193562145 
-1 0.078 0.515768261108951911 -0.798849772696716465 -0.783150625737948536 -0.417243196088186026 0.733611612616650998 -0.921633620858810624 
-1 0.078 0.271481864882394091 -0.218858982489706563 0.799333462277241585 -0.98070319365765060 -0.425042786971491509 0.305172294084836600 
-1 0.078 -0.344167128876427735 -0.525969701456588819 -0.308953524764555180 0.376947102127391553 0.252501674255495260 -0.127588945706498979 
-1 0.078 -0.197474545219168618 0.426361436955132286 0.627761951933719159 0.763507695964588710 0.578125711216615083 0.499800861971758277 
-1 0.078 -0.419432631049827800 -0.554770268227174111 0.645581296333271581 0.100949646327804367 -0.676705195995192898 0.356735777149124511 
-1 0.078 0.592102327038875508 -0.561727269704110380 0.144315280775364687 0.0971518754785782394 0.135568370917367939 0.148847097318902146 
-1 0.078 -0.0759289585705108806 0.0220734147868915880 0.960575165812273068 0.665330789388356363 -0.126225862649320822 0.187173044394210370 
-1 0.078 0.854449458889758907 0.229545346663224895 -0.707858855634626263 -0.432174862407698433 -0.485259082025938264 -0.981993149630359 
-1 0.078 0.596128037269422381 0.859645660976753086 0.105545900482390086 -0.65422017185545689 0.038873320229883685 -0.192745017866390987 
-1 0.078 0.978186414282241574 -0.851962962779984282 0.348636598393157122 0.395112823655472505 -0.0737633307592860391 -0.282840704759463563 
-1 0.078 -0.311523478473557023 -0.660653681494778745 0.48188663134327383 0.873320081845666637 -0.662003032517916713 -0.694984033342556201 
-1 0.078 -0.210354858804550560 -0.326490557575487888 -0.692219594371565869 -0.170361464234144345 0.473205524311693714 -0.537487047548838510 
-1 0.078 -0.959590913881550204 0.441433085634319073 -0.648562580449409609 -0.684751559168529062 0.278952782817784620 0.236931270375806404 
-1 0.078 -0.423327607654790276 -0.905058948375259849 -0.725224964181606675 0.357548414793565419 0.948676655042522593 -0.425250617474726897 
-1 0.078 -0.0605283497487593959 0.0213668500696958656 0.726496185183451650 -0.0188469719312176780 0.526635171461532103 0.629564394928215448 
-1 0.078 -0.100407123046459447 -0.985090232846676051 -0.710726467539198486 -0.98507342923802136 -0.991579801553939608 0.551653991455299421 
-1 0.078 -0.137503176052323527 -0.570939239894788677 -0.935835632994174866 0.235896291033469298 0.360235133672354479 0.886372318436754476 
-1 0.078 -0.486121439357924530 -0.572343382118428345 -0.111607101847630429 -0.826125709654536721 0.46893754039224101 -0.615539415131692094 
-1 0.078 -0.822705127271343448 0.110949688441143835 0.0478714295829500759 -0.635856197555758250 -0.335809115563521933 0.242094035731134667 
-1 0.078 -0.967531810406816960 -0.447087730596277962 -0.201041406137605353 -0.187576169127318757 -0.383333569905651611 -0.198533734777859208 
-1 0.078 -0.894706308187294590 -0.421890077435111658 0.644413879895279712 0.662924478849865997 -0.349652557735238331 0.201147715842939005 
-1 0.078 -0.837321994616518056 0.707010480219938145 0.117075639766486629 0.0424755863619176 0.989726617989968406 0.323466024226479669 
-1 0.078 0.0162180130138436716 -0.167016964177698795 0.148905790087601666 0.996809297348566540 0.974048516324471954 0.53767741285989671 
-1 0.078 -0.269418313823328000 0.242952093365751979 -0.490349299663338615 -0.162677009799933784 -0.660761201735617327 0.593187214913505537 
-1 0.078 0.721564906708746363 -0.732358700478930814 0.571677402523441381 0.162129361231839388 -0.298111552405845257 0.00259383605345100908 
-1 0.078 -0.340071514176283850 -0.310896047287129206 -0.0885962707288457580 -0.295770095161773526 -0.0194417985511808251 0.277246570863730788 
-1 0.078 -0.74355489968419421 0.485111759404872345 -0.285246735782380482 -0.146172954332621580 -0.346400054703421702 -0.403583554101129734 
-1 0.078 -0.222358693158915105 -0.911598537539452763 0.980767434866160881 0.629582206569292046 0.842882930233157633 0.395646609824477891 
-1 0.078 0.43481463875875301 0.343835206379943974 -0.569792435698936124 0.788666002185672487 0.983715318835467384 -0.4079744238237391 
-1 0.078 0.181821251635899668 0.487924215446220089 0.590335796924470297 -0.200402821566945725 0.415248546228813619 -0.731003781555710518 
-1 0.078 -0.529228079988900819 0.266152646174718512 0.27034864245400581 0.275599375576393902 0.550884347636153343 -0.266516512085331715 
-1 0.078 0.168546732081397765 0.975717349495467912 0.341374937958314933 0.315410918381363844 0.154550692026404364 0.336506723415426327 
-1 0.078 -0.683560129589556805 -0.736975801292951712 -0.496388376337993232 0.979655092585619721 -0.0904321669898330456 -0.443679642214129835 
-1 0.078 -0.293409796047294958 -0.638951455339769365 0.106675978832855134 0.987603078415650551 -0.151029073062676291 0.484605972614721279 
-1 0.078 0.800826348631572008 0.124484683401917053 -0.819907563403380241 -0.44367685025258691 -0.0301991169695901110 -0.318123161404610905 
-1 0.078 -0.868790666735117567 -0.843202508203794673 0.283076491253154 0.698721614261103592 0.523063588271143353 0.72830406952334426 
-1 0.078 0.959228239958481918 -0.82199235361460031 -0.262151079037133721 -0.467397745566629561 0.745129304852161664 0.814088163692361801 
-1 0.078 0.800809075828635649 -0.839174244886543184 0.7195588127442189 -0.0673547657732966947 0.0984100285877400674 0.539432001008477458 
-1 0.078 -0.137144026573464751 0.147987596758715129 0.198756442999721274 0.724796745159758908 0.254691794844279665 -0.810108132283945949 
