-1 0.463 0.146267221976153189 -0.166723352429932037 0.451680490085590799 -0.800790635467116677 -0.336937741159972113 -0.912510267526737958 
-1 0.463 0.317710442895492075 0.46553012465930970 0.728919573636318588 -0.0578242547372183037 0.697218287747929633 0.559234531417296189 
-1 0.463 0.913475612311588998 0.337956426103975510 0.484917273069953668 -0.524045560738389619 0.72039673872344881 0.257815554077984404 
-1 0.463 -0.747386826202922821 -0.905316865487612842 0.216531628313700254 -0.62574746024992724 0.485429290466529617 0.658310386631218813 
-1 0.463 0.644990466665833393 -0.476977649723142600 0.417574040413269728 -0.261480302417441988 -0.750702552386787082 0.199407394131420730 
-1 0.463 -0.634477543465470484 0.281309100633763360 0.754572008811495463 0.849006953227438304 0.695709390516198759 -0.617778814754990366 
-1 0.463 -0.689965834447184499 -0.331811194564476596 0.138343309461454554 0.403424862446457778 0.868065608834725578 0.503417463656426368 
-1 0.463 0.296387135672903186 0.9222967597465548 -0.344029436495607761 -0.409432551426530440 -0.209385068204167861 -0.303138100817291295 
-1 0.463 0.58671443806328520 -0.647094297121323581 0.66697215013805623 -0.218473958878936982 0.318556727775876967 0.138952311699631979 
-1 0.463 -0.141125070775619216 -0.351967371527786883 0.77100231615178969 0.975316505759294930 0.597699310684701959 -0.0920808143402265993 
-1 0.463 -0.115174547748312821 -0.235439622429108937 -0.0603324623456760947 0.324710525603397130 0.28048276327391033 -0.3598300366746662 
-1 0.463 -0.811958521528466346 0.649515624523505598 0.496953923546833820 0.196803934769684821 -0.00518775410539679150 -0.0638878001081400470 
-1 0.463 -0.44097160302202074 -0.749044315291680883 0.257097668399217068 -0.318520558777625652 0.746090480918692127 -0.0640525871655252003 
-1 0.463 0.318416291007992292 0.892336692838596423 0.705668898708659037 0.132109210673251051 -0.296795160905722268 -0.499688686695605371 
-1 0.463 -0.943859430591496294 -0.362862342604448923 0.827634325748776063 0.566251366772574408 0.398234101285331298 0.623345675023282887 
-1 0.463 0.496319479513466235 -0.243677285155469869 0.489774445196796260 -0.893399882136984609 0.809761753542248833 -0.505538119832919765 
-1 0.463 0.545858624414612512 0.342944295742695020 -0.812452936342170954 -0.905595655906671893 0.886424100401448996 -0.414770595628657865 
-1 0.463 -0.830096286213478430 0.7685308097187124 -0.00925323376455987408 0.92379487299706824 -0.0235505196624129922 0.137878377173887380 
-1 0.463 -0.719875566599808438 -0.330305881713735436 -0.0260068532446417603 0.604249103217951399 0.584606408207151719 -0.572138900083805601 
-1 0.463 -0.37859149636125727 -0.78440507284820217 -0.971546345757489518 0.238051885578149058 -0.591838290058784360 -0.892243795804773736 
-1 0.463 0.489384417029524437 0.819950912908777033 -0.0762696833007210352 0.90604248886816513 0.814270324513522645 0.244935916206990577 
-1 0.463 -0.960322602463810787 0.838422456901494779 -0.535670816292856102 -0.243889346911148439 -0.0954249326082808474 0.5358599503698636 
-1 0.463 0.960993411537280423 0.658077648885534909 0.428232049363549047 0.768768606417964433 0.342058372299622742 0.340974025068677695 
-1 0.463 0.610171385729543576 -0.510408543195575036 -0.282630091911635057 -0.564428597832636250 0.413899128493184074 -0.547878755225220682 
-1 0.463 0.735758013391472496 -0.414007032243350252 -0.382887557186295816 -0.892066692358535368 0.971981410785408684 0.0516840756699402123 
-1 0.463 0.28917858718282860 -0.121204382053252620 -0.0273162322009721517 0.47325147378125394 -0.919284221059327938 -0.874698735099849610 
-1 0.463 -0.12303974175447780 0.703282412725483215 -0.551010459162297709 -0.578082043275140956 0.886521783983962791 0.564053534948165172 
-1 0.463 0.358286661691366506 0.752744900135351007 -0.238845382935322788 -0.786052236542679683 -0.957249945361625086 0.618316117774839639 
-1 0.463 -0.232392440187809522 0.566552569258455068 -0.495690773261616710 0.0771293548293482220 0.104046155652531265 0.650894756478730110 
-1 0.463 -0.658844675531635664 0.0522957287597505241 -0.0355766596448906698 0.581709457417892624 -0.728695499537948987 -0.650794503057712546 
-1 0.463 0.639983996245480143 0.24060590672696823 -0.0692779225121287581 -0.291500943332868956 -0.581022754268887513 0.89628782724704749 
-1 0.463 -0.810363145052427817 0.328797700688811220 0.069368459781718032 0.628669186583381087 0.575514794178517285 0.0532452954117154810 
-1 0.463 0.446400416613561620 -0.69595964466298385 -0.753929806109747639 -0.657273498134975163 -0.527026671496585762 -0.358443398841726499 
-1 0.463 -0.446035326829291118 0.64070389993149458 0.143650771313359725 0.971617871457670499 0.00948270686863538300 -0.149569803603844857 
-1 0.463 0.682237561487107172 -0.00121498040976157687 -0.64042463169239728 -0.841365745598465933 -0.902704560837456299 -0.00706924506586536736 
-1 0.463 0.151095626977294766 -0.369615909356129112 0.641303581193762293 0.94089496522129730 0.22635591673389983 0.664456386775160747 
-1 0.463 -0.282057104119241848 -0.638704833572426859 0.135871965668114690 -0.921286324377309221 0.00667573469476611857 -0.116516436404106375 
-1 0.463 0.159711950348855367 0.962102422954939197 0.324186250718529846 0.381665308225509481 0.949811129972501119 0.52395215798698384 
-1 0.463 0.972353520193195209 0.854686185546826911 -0.5552477135903289 -0.251643414587833215 -0.75067638005813907 0.582250105549791263 
-1 0.463 -0.831578816806551218 -0.470955928206335848 0.443821345212528924 0.702113892181308683 -0.0411391023859901215 0.0264937446666760941 
-1 0.463 -0.403582663647791272 0.21332359944107278 0.0733202061974535231 0.316493311028237505 -0.571823854945644705 0.222568980384168227 
-1 0.463 0.023974266038524693 0.631366379684278276 0.197735610215561392 0.31402884976687687 -0.353705675613205261 0.916536989934899529 
-1 0.463 0.110174645522288333 -0.917231302038355069 0.888148247306285751 0.661002485778380870 -0.303247182767523849 0.655617426762316416 
-1 0.463 -0.851517863484929992 -0.212661778851908545 0.0327202617654338707 -0.240934118782989186 0.349953183887496787 -0.468499310071546596 
-1 0.463 -0.351885067987463599 0.369321077758229774 -0.520870454879827440 0.0939970082794595170 0.123379818296831131 0.3222183775407689 
-1 0.463 -0.500769991484322178 0.439680728172262982 0.918923750855454650 -0.00664945115441851129 0.676218102793724709 -0.45104168511426850 
-1 0.463 -0.712006722737407808 0.103424663076201882 0.692131325571394072 0.508090606981430853 -0.844033364803117855 -0.655238696103501600 
-1 0.463 0.0273363906589132292 0.78217687509383601 -0.454205552714833145 -0.955036456197579392 0.197387037827255417 -0.553012406933816941 
-1 0.463 -0.702110131135797719 0.296619865393447079 -0.596578735748942211 0.318859569831559262 0.279184062207459283 -0.122855528765726027 
-1 0.463 0.710490022614833353 0.413476854396907758 -0.165921544785204875 0.325743238967128011 0.689581545382284373 -0.0144646536762639677 
-1 0.463 -0.343956344586888705 0.530451205514783913 0.151633140131533116 -0.33731649854990432 -0.713356723223180885 0.911752653443228178 
-1 0.463 0.45720096569664980 -0.865474418378400820 0.83721643899512595 0.491413044244638863 -0.229898145824400438 -0.571949031155281706 
-1 0.463 -0.0556334393685363717 -0.911728617632308519 -0.358635226112739501 0.580931459406274395 0.126142706112657171 -0.987916120276448645 
-1 0.463 0.667675952295745365 0.414742870688695526 0.774427041379937200 -0.539273919682811296 0.464745146197566020 0.053485364096193072 
-1 0.463 -0.239012534177783395 -0.412299952559984857 0.173252853134943848 -0.585808048714852017 0.189724858245417753 0.232700351655656273 
-1 0.463 -0.0803423077423405173 -0.150873033048754641 -0.618189932704501446 -0.440205159657460033 0.527403909889396617 0.177086790754124603 
-1 0.463 -0.258702886009246341 -0.199180600641957214 0.373902510301545343 -0.947031867906673246 -0.408934139231379250 -0.371708711369791497 
-1 0.463 0.888584417822799361 0.0489002467547625175 0.595274608685742519 -0.0532613955884992206 -0.292447121395133819 -0.170516919699437129 
-1 0.463 -0.62027420977832473 -0.471364573479405692 -0.414383986011333637 -0.289037448733601586 0.513540355851182725 0.334076657745680415 
-1 0.463 -0.0474382276163516264 0.303863743774860013 -0.787960529641302341 -0.285167059551866868 0.741758868499819302 0.648983987788928438 
-1 0.463 0.575480737695405476 -0.212848675629478940 0.0622634177886577978 -0.602784584477522214 -0.0156568365292247230 -0.355332829276112584 
-1 0.463 0.348098265033682864 -0.967243530086358954 -0.767498334051111889 -0.936949921581984825 -0.144873642537507339 -0.686572702844587836 
-1 0.463 0.421644855838147230 0.334315705493324912 -0.274375514842516458 -0.621371422858687994 -0.430351480384526666 0.352203195605346967 
-1 0.463 -0.00476157607433702084 0.491307818462890849 -0.390574925045256102 -0.791944370604324409 0.0103160790709873437 0.514068739717897926 
-1 0.463 -0.0275663242847214004 0.744601325336818504 -0.676536662376525413 0.0430948760928475513 0.929740008936653733 -0.401308592759619995 
-1 0.463 0.406195185484952896 0.0305097817487387040 0.760947604851503421 0.45145910848197213 -0.781312096452131683 0.921835565493208673 
-1 0.463 -0.656465973547287108 -0.385415176297602116 -0.919236852048790938 -0.645609260633888017 -0.262975255206472070 -0.464527075793463658 
-1 0.463 0.881297059026167886 -0.512770976079321693 -0.993512404954875603 -0.831513628977171750 -0.743802084879483322 -0.956875921517252866 
-1 0.463 0.950251350552399505 0.309399918179137860 -0.710802402436355741 0.802820383402160662 0.841439313577483346 0.502443845655936015 
-1 0.463 -0.861992218727228260 0.467287142431907094 -0.711112383002143497 -0.767828039753694976 -0.481145531615845133 -0.859728081091305628 
-1 0.463 -0.67348797916864232 0.656370103799746172 -0.437389859087776682 -0.245836141037682055 0.987507895628161953 0.648721935857761458 
-1 0.463 0.961094923142465828 0.852599946448675117 0.844098913939351004 -0.863545828472259262 0.161278694954613283 0.699624335869725917 
-1 0.463 0.75986384139108104 -0.704313840618598940 0.775283725878792436 -0.112263357705936815 0.108804390943637569 0.0581515437863968925 
-1 0.463 -0.814124933476427567 -0.0456832196563191409 -0.499009368658502486 -0.824929022793517491 0.927597253419431842 0.931618955228876510 
-1 0.463 -0.228888058928723163 0.148430241006484517 0.101493620258330558 0.342964155236381585 -0.77432535691622926 0.81890806826658255 
-1 0.463 -0.825019509929186162 -0.492291853412922012 0.0486046869414348192 0.291205348269668419 -0.340164259734976714 0.0498631847691409495 
-1 0.463 0.374152721861315127 -0.443171437255581894 0.0892015480432867287 0.00237650231775184473 -0.310697849126419674 -0.294838623943658411 
-1 0.463 -0.492906022174241232 0.81426011238276567 0.718342984192466410 0.953442981278330087 -0.430080826815173753 -0.241437296222718890 
-1 0.463 -0.723102648651876405 0.541253265542170426 0.894737563805950222 0.876509449424779672 -0.584332681589733211 0.326551081115405498 
-1 0.463 -0.291139971354194598 -0.284983665514344023 0.256995517436302788 -0.51647821098412765 -0.623099838675721110 0.737721296476392691 
-1 0.463 -0.300828419727900968 0.180154825715652120 0.719584040848520272 0.654620761226816582 0.165133996995222309 0.783689465631595583 
-1 0.463 0.562492067987938098 0.901130679196156703 -0.621603931917855325 -0.134541670464488829 -0.964225826459586224 -0.354313818941848823 
-1 0.463 0.00903067554272848308 0.675892233158164707 -0.712667403842232152 0.625184469336928748 -0.107267229919873893 -0.106947918566651463 
-1 0.463 -0.829768393958401195 -0.156465675455206531 0.348631631067621829 0.507213714737736884 -0.41411607916107372 -0.379108887487917726 
-1 0.463 -0.520022008936945734 0.964058951743589851 -0.258316789069659227 -0.771612973385971384 0.0705506418868178469 0.76766037181871972 
-1 0.463 -0.734040767483307432 0.936838219923152273 -0.618002652405971771 0.326299696501457462 0.791524004414571872 0.0561551291331177362 
-1 0.463 0.811657133861784049 0.386306096849514479 0.048562313755529406 0.157869803349472152 -0.762982685924629818 0.599819956452671540 
-1 0.463 0.504148254633149806 0.943626023559646954 0.429361623599869583 0.801829526123967192 -0.223859759198602068 -0.677421556837677645 
-1 0.463 -0.762171179823414372 -0.700473355742215927 0.0108779331208496161 -0.484573688204280304 0.444465129486714789 0.699144019732998318 
-1 0.463 0.427260814318563161 -0.239647970718369702 0.510964937388322994 -0.1141577084753439 0.104318174981465952 -0.686569160577408531 
-1 0.463 -0.741420732024792755 -0.32523449602862726 0.966922480989528591 0.268212360358429992 0.19130683021141950 -0.849333678559791274 
-1 0.463 -0.0050172097143263210 0.0581171651785644014 0.488056500638520631 -0.313405685583897272 -0.950933206357340266 0.86742193771698956 
-1 0.463 -0.231759989105577220 -0.871249417467330905 0.462759679382799547 -0.309107210774671832 0.455245750665592690 0.370072577302833808 
-1 0.463 0.489622995969558668 -0.661788698346395440 0.582040388181960039 -0.752030150878205990 -0.933294215046842097 0.6093017108741171 
-1 0.463 -0.550106035918349009 0.447090939085716835 0.962629583923607781 0.111283722783901421 -0.698190753017646520 -0.652582039838303069 
-1 0.463 0.463933775806942551 -0.681475021615482442 -0.0438600133833125745 0.668235567822331499 0.450168377126257104 -0.677379005498524894 
-1 0.463 -0.196266963837105945 0.134957241621728362 0.041267208056823094 -0.390404528045371889 -0.800756416367508416 -0.722188068794738265 
-1 0.463 0.84609869821404520 -0.224830164315427151 0.710684605718855614 0.0219850598894116062 -0.483169136343469766 0.2629080747883987 
-1 0.463 -0.0117095489683222894 0.911496037089586911 -0.844964590701215014 0.00338552506684320357 -0.663511541203479595 0.654087629176716400 
-1 0.463 -0.575472938132485035 0.388281229028714354 0.985244509751649211 0.46969236944176042 -0.929615693219436352 -0.561867665916650606 
-1 0.463 0.939734523477880382 -0.921402250708968293 -0.352293992365446932 0.190359541002964113 0.910187348008595482 -0.490098663875568957 
-1 0.463 0.232878044285169226 0.743496824075529927 -0.10743723181451378 -0.237913794612991024 -0.81708820157727405 0.808780308924861826 
-1 0.463 0.095173281725285625 -0.536853032432170497 0.0872048102295375883 0.773015419312851714 0.534121636007921116 -0.745373990064784678 
-1 0.463 -0.955686674724427896 -0.490736766752361328 -0.86360114546619849 0.588363357488582844 -0.49340308022255257 0.584289797193951043 
-1 0.463 0.0273192257293625682 -0.761581051524619535 0.893887686707018 0.66969386268107766 -0.0804624624277511129 0.336054534672937985 
-1 0.463 0.943989912904120686 0.73055800492456851 -0.485269733601595054 -0.690368137504828820 -0.310138593631877496 -0.702354998863276064 
-1 0.463 -0.873188732518790329 0.139177821817363877 0.201799516768911963 0.616915903903519930 -0.20717534964751464 0.5983675486860824 
-1 0.463 0.0563546561762360584 -0.743012459339564316 0.269087019879353144 -0.248068539055929866 0.464452623721788777 0.178243953548639776 
-1 0.463 -0.736289082341963262 -0.0273084851042830076 0.539290099336582908 -0.956207338091534584 -0.88110024525941907 -0.440009290861269236 
-1 0.463 -0.894915900417843016 -0.648479116962341181 -0.7875322538898980 -0.530806436436630010 -0.647298848738163160 0.116855408652649805 
-1 0.463 0.457512284793760508 -0.109369782466849764 0.228063296535895143 -0.46484041897859673 0.115650491515176145 -0.494384894704781171 
-1 0.463 -0.709575912902756331 -0.870945599853632345 -0.944927573975168103 0.172888692171881053 0.719993843015758111 -0.457681828087459707 
-1 0.463 0.687536932785748416 -0.877567180726559503 -0.191175424371604505 0.709559855554566387 -0.985329638606661454 -0.103040481178811509 
-1 0.463 -0.774585326444759842 0.705705287569622174 -0.931953050899249251 0.135194971626816418 -0.466136293176838584 -0.236348942222356874 
-1 0.463 -0.562882846798746026 0.796364837506736742 -0.550948814946248286 -0.941137897137282547 -0.202099414504373168 0.735335570581407879 
-1 0.463 0.92011412055246041 -0.936799336121760389 0.245819058296620565 -0.28373115248927609 -0.500190391731903353 0.371133537417924645 
-1 0.463 -0.32421516685729598 0.676329213602482030 -0.961037120581348692 0.393612807752744075 0.538705584451755530 0.145462796063789127 
-1 0.463 -0.49211900076347152 -0.0586924414328451230 -0.742773004996640718 0.47000827019531483 0.763790974131418839 0.583677722654754344 
-1 0.463 -0.184850018353288758 0.0248015597576454406 -0.693020141994493038 0.599931623238196300 0.766740041187592445 -0.338020996231759401 
-1 0.463 -0.572813424044843571 0.421195166591436610 -0.567011503939720508 -0.421149810859991294 -0.256318333138134510 -0.123310827976300197 
-1 0.463 0.635431430814945568 -0.0338999439248230136 0.308274314263537807 -0.66915882058982014 -0.709747126944430367 -0.980663464371507675 
-1 0.463 -0.776164739679813642 0.696354111896660119 0.973551097043500265 0.541125159354258279 -0.581116374896329267 -0.92857054725313258 
-1 0.463 0.456463949562731179 0.289781415014723918 -0.381429293344273783 -0.863562532891181379 -0.037833768246840441 -0.34828587889559834 
-1 0.463 -0.38362021707183498 0.600635525403286215 -0.62016721166393429 0.526531846007111337 0.0794954490643506420 0.404285026609610867 
-1 0.463 0.218616585973490050 0.566060846446347291 -0.121703790425765073 -0.1064161427762462 0.0386256730306258324 -0.898861571381605886 
-1 0.463 -0.827228934683630564 0.68033116519354278 -0.186859861921697628 0.380164910469437515 0.977918837982283035 0.593854525721933152 
-1 0.463 -0.187524425237393751 -0.539217990216656011 -0.662940613343753002 -0.608667852114998198 -0.582602590311737359 -0.506530559166839720 
-1 0.463 -0.360940506002608429 -0.196899526827261148 -0.024573205614143478 0.389239465123604848 -0.284839395744283810 0.406736128389275264 
-1 0.463 -0.423228532637666572 0.962998313244885270 0.114226089237572309 -0.269026327009307955 -0.353583689296617296 -0.234598960899435304 
-1 0.463 -0.186726511073969522 0.685230948617499224 0.56939196906635864 0.372927969082948905 -0.942043216473456928 0.589910497102658119 
-1 0.463 -0.0137728797208416309 -0.373836886281869974 0.0342067302588519163 -0.90308411176808373 -0.920546654405635022 -0.639345394204584919 
-1 0.463 0.892057672757595427 0.162835983501120966 0.601252678009386391 -0.410213788526809473 0.428237265351697158 -0.948435276228667537 
-1 0.463 -0.205448776713786024 0.572130340197822817 0.785012695568968945 -0.404243714975938958 0.127291205968276703 -0.950103419773219346 
-1 0.463 0.195372115976306177 0.610435149162578045 -0.367296309966509460 0.0860116946822199255 -0.0671346630735750381 -0.0340581124231617427 
-1 0.463 -0.0999702733831627525 -0.240126595074709222 -0.0402732666035892997 0.292412871651134803 -0.0796709487397439001 -0.568917004306454784 
-1 0.463 0.691578128998122466 -0.516392936358185104 -0.350004868207142158 -0.871980772081480136 0.666333993054407562 0.46809805472954271 
-1 0.463 0.0025176019531476206 -0.654651230699831835 -0.587921875423241537 0.661744305386511962 -0.36611671393532928 -0.540050693251984644 
-1 0.463 -0.192938403259919757 -0.039527837432953303 0.280620250842894268 0.803029170935873607 0.220283273072904045 -0.359090573097819154 
-1 0.463 -0.126396882004693007 0.545670401715732082 0.506442232301756814 -0.72358077555273343 0.555941090168458036 0.262385592487438702 
-1 0.463 0.784614818837101858 -0.359881070387707730 -0.770043297703670310 0.691064972847824738 0.209519031718102355 0.514917941894556373 
-1 0.463 -0.688147430155590818 -0.11362930755225696 -0.391081942195103130 -0.319035301394320938 -0.0608610323624176319 0.805168632703367417 
-1 0.463 -0.941238649826126963 0.428634692596119196 0.87240213545685878 -0.593179580452766300 -0.615017513245249537 -0.215814620603907881 
-1 0.463 -0.42426194527609648 -0.209065788607430448 0.192031947567200671 -0.430389065529584797 0.181425558152980287 0.0045358832149493451 
-1 0.463 0.544647367273341819 0.0253493135492717587 -0.492855452875624728 -0.571239762509995328 0.655212622889370431 0.125089715097798065 
-1 0.463 0.999957707914853080 -0.173921324588455047 0.368901559765108862 0.413871535069405469 -0.0648416910775783538 -0.88897931112344467 
-1 0.463 0.612988312315645436 0.07821121113255192 0.17773287152865132 0.32899609004308159 0.42388005898874848 -0.972783747212278732 
-1 0.463 -0.193710015618109211 0.336109247346245542 0.21257729702679555 0.75162711508105820 0.793421964997251776 0.579597914366702968 
-1 0.463 -0.496448936576198660 -0.622415055603875766 0.361625206278877283 0.512312217908961488 0.978869538532188224 -0.196126850173963818 
-1 0.463 0.854532414819833707 0.94750046627161403 0.0415793032199587209 -0.634489223465216226 0.423741026236850602 0.663473097696852652 
-1 0.463 -0.194141345667156939 -0.504871064036301663 0.887618102494985258 0.683740427506197213 -0.647758316125176647 0.840836166199284557 
-1 0.463 -0.255107649137383173 -0.878489409646608063 -0.0401481912958606212 -0.359990546193489655 -0.583086793493792530 -0.928412405118115074 
-1 0.463 0.230682561412687357 0.0615118926624785145 0.614860199544739139 0.844186981485966675 0.518747411828884487 -0.189483994304525627 
-1 0.463 -0.666938232189185763 -0.322035711945355486 -0.00788186717698252706 0.988304387961203716 -0.698888933077352478 0.800197903152682096 
-1 0.463 0.681125212418588984 -0.522665583135557458 -0.315382649921693306 -0.602080112832789131 0.858795092994514791 0.13914549557832009 
-1 0.463 0.489636223778950996 -0.218290756242458582 -0.309896575997284964 0.644161077597602091 0.856376568657359196 -0.66260094397286188 
-1 0.463 -0.205124925095703746 0.542150207614879637 -0.570375431542439990 -0.119939156126505375 -0.0678766324616240240 -0.677058279534308181 
-1 0.463 0.515563733532264338 0.740447339909421368 0.41482415292724680 0.789966071032545366 -0.927097744053861171 -0.271597031132813248 
-1 0.463 -0.187909386661949290 0.612649529469221653 0.569955432979560897 0.256316982228923948 -0.214176811806449924 -0.313271115444989769 
-1 0.463 0.238958237808309080 -0.693167188703549633 -0.2119043058836578 0.359919525308179045 0.450651716286332685 0.348057367588784287 
-1 0.463 -0.370606039072707229 0.777604817852642730 0.6025035445359841 0.0445211273222233823 -0.775110865223186023 -0.166074103248938487 
